3092
7101
9403
5998
4745
6370
8756
9911
7893
4645
6900
9078
388
2831
1432
3249
4673
9219
9973
6588
2721
4612
1948
3852
4205
6310
8108
8010
6238
5557
5586
5647
6033
2700
9083
1890
4906
4275
1386
9531
6548
3096
916
2211
6182
2056
5288
3435
8594
6906
8765
5189
8663
6985
9428
3986
5910
844
7709
6937
5521
2004
1285
9729
2399
6337
4412
5563
2733
3393
8485
7663
510
5254
6038
322
3139
339
5807
209
9110
2627
6568
1772
5296
1590
7955
5858
1451
936
1089
8564
9121
7232
2017
9241
7699
3778
7186
4478
934
2993
8409
1975
2631
2629
2462
6887
3359
8676
4113
5096
1570
817
1754
2903
5698
1406
4014
2143
8864
1454
6045
8832
770
4636
6233
9292
5920
9458
8545
3566
6905
2839
7483
4423
4946
2151
1888
4358
3422
7552
5632
6147
9658
9991
3623
1849
5039
5381
6856
5998
618
6930
6197
2752
5944
8908
9153
1981
7115
2660
7516
1279
5386
3397
5742
7874
4116
6290
3983
6291
1061
7786
162
6583
6513
2875
2130
3910
8477
4048
2501
3106
1197
7096
1901
8984
3320
9045
6109
2689
1287
2525
5625
2293
3389
4273
2886
2749
9441
4680
9088
9763
1446
3111
2874
2360
3195
5327
1072
1890
6686
3459
1561
2768
4780
948
8185
4668
5812
7899
1394
6204
1353
6290
1274
8692
5446
1743
9783
7947
9179
1678
5079
840
198
3850
9293
6842
2541
7528
4533
7569
5464
81
7305
7836
1884
7769
2476
8816
1953
5376
4691
4513
6053
2581
6548
1456
9369
9234
8550
8961
5801
3544
4936
8584
9529
1512
7693
1696
2939
3962
7733
5080
2157
6718
1192
1930
7856
2349
8411
9608
1443
9946
2196
5381
2877
779
2026
8670
5162
8670
4406
7699
1293
5322
9542
6566
3123
4483
752
6783
1272
7545
5732
1097
7923
3038
8522
2669
3164
6210
7546
1065
95
2029
5194
5292
2712
840
6722
9440
669
168
6107
4773
4235
9112
9302
9270
6729
5458
1098
5322
4841
3369
4645
6250
7757
9830
5331
426
1766
206
1740
1045
8951
4748
7096
4121
6376
4592
4142
7244
8614
5427
9226
9978
456
3798
4508
9788
1133
6438
9757
6167
9617
2126
8957
3086
1759
5162
4456
8628
3151
7715
1687
5794
6448
7515
8754
4177
8289
1271
3603
8165
378
9348
5046
1591
40
8055
9244
7677
1797
4533
2975
535
2197
9500
9456
3625
524
4268
956
3920
4366
2982
6925
4867
4751
2383
9533
6376
2040
7104
3893
6671
4811
2766
7027
2911
9806
4817
9450
7291
5459
9795
2867
8561
7960
8759
5506
5231
5546
403
2243
3538
2869
747
2947
3676
7366
1467
3003
5377
6721
1025
5959
8991
142
6933
4645
7623
2014
7126
1689
9932
4220
3971
4686
6647
1167
7682
7942
7828
9020
4944
2978
7005
5720
198
4381
8993
3514
5252
9346
913
1519
5373
8767
8615
9032
4526
3857
6995
4078
1932
3502
8227
6597
8473
2386
46
3022
2211
9009
8621
6902
5641
5612
454
6092
2107
1486
9367
3904
2909
5078
9964
5671
839
6879
2109
4139
8060
9530
1302
5439
2437
4333
6212
3472
8794
4453
2729
6263
3484
2919
3565
6908
6002
5701
9857
564
8397
8396
4032
3258
8090
9481
4997
7484
7348
7692
8931
4956
6468
5444
9445
2631
5686
4522
6115
1715
2601
2618
6941
9617
2674
6156
9991
3282
2813
977
1474
6453
4898
7241
258
9662
4848
8369
3185
8851
8233
1209
5087
5024
6377
3428
8324
2442
3299
2041
5428
112
2522
9894
4510
398
4490
1236
1393
4747
6577
7077
2972
5459
8285
6730
5664
6063
9026
3601
7091
5055
8584
9468
2676
6073
7087
4653
4870
8795
144
7293
5276
9325
3554
2444
4447
5346
3062
2786
2543
9229
5599
3380
819
1809
4577
7682
6142
1424
4373
6414
1745
6549
550
9447
3271
8781
5659
5603
7840
4911
4273
379
3534
5917
1381
8880
5702
3138
9339
3563
4883
811
3821
6450
6589
4963
3459
4647
7936
4039
7772
6378
6013
4136
9975
6575
6250
2334
4752
6074
7798
7417
1274
7111
5597
7699
5445
4342
8084
6066
7085
1843
4962
1706
5135
7108
6828
2222
8744
8251
3435
7062
3659
2411
2939
6125
1871
1592
9203
6962
5171
7383
1324
5742
1647
9380
31
3157
6584
7539
8480
4341
2271
4158
2321
2812
9544
4285
9956
7782
3842
1747
2065
931
8503
4821
9104
8071
4529
1781
1396
6091
1159
4365
3413
4274
8947
6168
791
422
9282
5146
3212
8624
4727
2239
5827
102
5820
753
4027
9806
2310
8291
1256
6113
3
8586
2816
7067
7875
7324
3907
5247
3105
3120
9637
4519
4604
7957
4458
3849
1318
8351
2172
5174
7640
1532
1228
9724
6944
3620
7043
299
4472
6063
5203
1796
9876
5792
5919
5100
5048
8367
9171
3281
291
4309
3665
9908
3500
3552
9450
9332
4392
1350
54
4636
5797
4983
5392
7042
3799
2363
7072
2176
3580
5066
2886
6799
8653
5642
4432
9663
9043
3571
8136
7508
2820
4895
7373
6939
7177
1245
8365
9914
7549
4564
1916
3573
3444
7332
3
748
837
5145
7752
7250
9814
4473
117
888
4194
4573
5512
8840
2714
7612
4007
2126
53
3682
9837
4512
9557
7919
9717
5551
760
7228
3282
6805
3575
217
5465
3742
1759
9970
1820
468
8537
6112
20
4786
2904
1243
7834
1882
5583
9213
6418
7954
5404
5298
8100
8664
1237
8732
2680
6951
7534
2818
3630
6146
6852
6952
1559
1661
6216
5066
9923
1547
1675
5923
1192
7761
5731
9738
59
3321
2135
3547
8559
9796
7645
2436
471
1831
8061
7558
5817
4246
4162
5611
5218
3582
3837
5175
7488
6411
4773
1270
2031
26
639
1429
9699
2969
3221
4941
1903
9867
2454
8938
6480
7959
7739
9371
7818
224
9329
6130
8813
4464
7048
1146
9090
5453
8615
4824
5848
9245
4889
8361
5077
2310
3448
6363
7819
8734
3476
1657
2218
6241
1632
3214
8651
3745
5722
2795
2112
3976
981
1235
902
6537
5733
7699
9940
5540
5734
5743
5171
600
3273
2328
5913
4834
1387
9417
6739
164
100
8481
4399
9345
4233
9899
9587
6389
5935
8392
7438
8098
5837
7087
4185
3221
9532
1659
6378
3734
2174
1442
2613
8526
9384
8469
6830
2867
8093
147
2223
3055
3048
9193
3266
5823
8341
2292
893
5735
4061
4855
3656
9859
5165
9144
811
6088
4338
8500
1016
3624
3586
6243
5346
9428
8826
9078
2761
6381
1008
5485
6131
6371
7716
661
4681
8894
3848
8206
7323
3659
8873
8107
8065
5086
3528
7827
575
4598
330
372
9475
2014
2728
6711
2095
4559
4244
6014
6573
6019
4201
5034
1844
1604
6797
970
4054
8595
3974
3533
8499
6757
373
3913
6078
6423
5220
1924
8745
1075
3496
7519
4735
8299
2291
6466
7838
1649
3529
8802
9568
1673
6380
3455
6356
7878
5910
5003
5582
4929
4674
6469
6455
9417
4408
3395
8946
4164
3715
5278
3357
8819
8065
3479
2304
9299
1686
4328
2309
5008
813
9381
1956
6564
269
2576
873
1229
5651
2956
4148
8077
9858
7866
4381
171
1908
4239
6850
2551
6491
3431
9087
6122
6392
2370
3305
5019
7287
2332
7191
2510
3957
1563
2189
8520
5295
1409
9958
5165
1065
8193
4301
1386
6504
1295
2952
9247
4605
3856
7282
2436
5566
7057
3428
6124
2466
9939
5679
5271
2152
595
2520
2001
4821
7960
736
7576
824
9542
1759
6219
4700
4255
2717
7085
6409
8297
5149
4809
791
2827
1494
6576
6113
3473
5662
5277
5570
3999
8021
9802
9086
5697
6252
4588
8735
3505
2833
9016
6219
3970
9624
8073
9918
8633
5159
8298
9594
9820
5966
4173
3895
5714
8945
6814
5384
9658
979
7778
3100
1336
2225
1305
1549
5098
456
9234
5817
5497
2852
8270
5227
7418
5734
2572
7798
164
5856
9188
8109
4604
2368
9935
2993
6748
6168
9315
3223
5922
86
1181
7061
5764
8885
4631
6826
5890
4190
6825
663
5652
7644
1115
8014
5506
3291
5528
4149
5890
556
6943
5031
924
24
4723
1543
1930
1870
739
5858
6619
7483
7171
7136
1830
6917
4169
5286
3228
2196
2004
1996
1510
3389
3045
2918
6478
1677
9538
2145
3433
2942
1888
5740
6353
2041
5582
2656
2369
6456
4353
77
4218
5494
8921
3666
1427
9590
2146
9208
4045
6493
838
3404
2548
4125
8528
6936
2353
1103
4300
8589
1884
4603
4842
5199
2639
4487
6722
9741
5926
2250
7089
5403
2179
6700
7249
4494
7950
2060
5095
5795
4089
7565
725
3212
2817
126
5776
2152
6288
3877
4764
1198
8208
2135
6259
8598
362
6742
6628
180
4540
2727
8296
4898
4953
1311
1616
4552
6875
730
7467
8939
4708
1160
3540
3551
3825
8789
7767
5482
4191
3283
4196
7767
2168
8613
3548
6916
598
7562
3528
3433
824
9749
3082
5588
322
4837
6139
2837
9422
8710
3539
7891
4849
8195
3607
5866
2185
1029
1484
8018
7010
6365
7657
5533
408
9498
9243
6796
6
7864
3203
270
333
7093
9242
359
5200
4209
5156
6713
876
4849
1874
5489
6453
4992
3505
7376
1964
9107
1633
2148
6333
5271
9584
4995
820
202
3700
8180
6447
2050
3655
5642
4047
5518
9596
413
2968
9735
6401
7254
7272
770
8077
8823
6820
149
2936
4101
9918
9971
698
2996
7139
2502
9067
7581
2544
792
6874
7054
5445
8638
2810
1710
7346
3298
6150
955
3326
9163
9252
7330
3222
3227
4695
1355
2610
1733
4479
1070
7443
7448
5372
6565
4681
6477
5472
7904
721
3305
50
8671
5292
6719
3070
1824
4730
5589
9657
3797
9077
7441
4243
5313
2699
6353
1989
2751
8931
5700
6874
1918
4336
6999
4714
9501
4867
5600
6466
7967
9578
7009
2991
475
4759
905
8088
9124
8332
6445
9132
7775
9090
8718
3056
5174
5417
6407
1515
3000
4650
998
2621
1082
216
7684
8345
8383
5253
3587
3556
3135
4864
2755
5638
6439
9579
6576
6397
1612
8395
9772
3232
9741
6426
4981
6129
3973
1590
1938
7740
8842
1036
9535
6620
7141
2351
338
6365
3214
3058
458
6396
1123
1910
4340
4282
2868
8700
905
8063
4575
4972
6471
2412
4179
5342
8569
8985
9379
3350
102
1533
8937
6493
4596
75
3476
3850
3654
9305
4223
7439
6681
3772
8159
8448
3415
2288
2921
254
7830
6452
398
6994
5105
3890
5285
8885
8752
5227
6467
9819
1910
8977
4057
2865
8711
6382
1705
4604
9428
9810
966
9728
6629
3242
8984
9410
4241
6235
7993
3653
4221
1247
2911
4320
6991
1030
5910
6289
5821
5565
9017
1691
2007
300
5197
9723
926
9449
683
4361
8415
1643
4743
2521
7888
8521
497
7424
4694
8368
3352
3284
1873
6451
5606
2701
5637
6365
2492
4616
69
8898
7386
3098
9949
6835
2123
96
1628
8721
155
5973
6988
2184
9670
3902
7184
7149
4655
9887
2522
6355
3353
1856
2454
7894
9782
3466
598
4682
6841
2908
5578
6734
1818
154
2363
5258
6182
9716
4069
1912
799
7941
6415
4143
4359
5106
264
9689
8661
7954
8800
1111
2658
3581
6528
8539
1987
7085
5815
6802
1347
577
7138
7908
1387
3281
4038
4580
3553
2299
6157
3635
8107
9836
7403
6161
6846
7914
3932
8259
3464
1294
6637
9232
4325
1599
3635
1285
4210
1449
2235
6249
3612
2909
3727
154
4740
7010
3410
3942
65
7273
8121
4438
2514
1614
917
8997
4591
2650
161
4702
6842
6645
7076
7139
9448
9705
3748
6058
4182
9427
1272
4850
5449
2546
6071
8451
3750
5457
6978
9507
3739
3665
2203
5733
6216
399
1553
2476
1373
2390
7881
1870
8450
8365
250
5236
1773
2913
4373
6269
5731
5741
9024
4753
5902
805
7117
7395
6279
1635
1771
4048
9713
3736
5401
2437
3522
7380
706
6141
206
2241
3210
775
6737
3722
6435
9318
1977
2313
4444
3906
7486
4061
9447
7611
383
7802
1990
6830
9963
5131
2273
9281
4792
882
2598
552
7763
6896
669
7962
6788
5777
7223
5437
5005
5710
9651
109
704
4182
7500
6956
8794
9638
7346
7476
1136
4165
6404
1368
4276
2685
7975
760
5316
6339
9910
8819
7279
5512
9334
3095
7093
6536
5940
9140
3114
8735
4813
2750
3014
1627
4361
4385
9532
6877
4901
6271
4757
617
3612
8709
4457
2669
5522
5660
9113
2047
4781
843
2555
3278
288
6249
4675
2090
4213
1904
2779
8160
2838
7245
4303
478
6983
4388
3479
5973
5316
9329
98
6444
9811
6441
5579
7872
1478
399
4427
4201
8175
4802
6891
8760
0
9363
6579
2365
2638
3013
292
7317
7537
7917
7631
9473
8971
9385
1936
8130
5410
6333
2282
416
7132
3864
6608
9481
4966
5493
4813
4598
7985
126
7281
6937
393
3978
6265
1331
4851
1239
7546
7443
3171
995
3465
6585
6455
7812
9962
9032
8980
2200
2643
5065
6043
6886
7436
2076
247
4163
5477
1850
69
9857
7203
182
273
5266
6073
7554
5961
9050
9408
2365
2848
386
3539
6810
1985
9945
7449
7116
9102
7957
5583
9901
2628
5367
3057
8878
924
3437
1109
6873
8625
9041
7589
8338
4841
6974
2119
8108
4067
1938
4938
9767
4875
9823
1711
7159
3244
7820
114
5633
1203
6153
4195
7838
7979
4223
5334
4482
3963
9958
9635
5286
7832
8928
7946
5521
552
9106
6967
4997
8453
8899
4013
2614
1849
9421
6115
9349
6668
1073
9784
3163
8728
4375
7268
7873
5173
9811
9180
7724
9110
178
7457
8806
4718
3428
6614
2503
5216
980
1901
3059
8979
1682
5085
3501
1214
4145
193
3337
4133
9452
6496
622
6864
7892
2340
7450
4708
8309
809
3920
833
9719
9796
3549
4120
6911
4814
153
3446
9717
3452
8600
385
721
1052
5648
3149
6687
4206
5972
3468
433
5292
5775
9680
9459
152
4589
366
9258
3233
3587
7425
758
1585
9903
5800
4263
8885
7770
6541
9659
5882
473
2259
7013
9921
339
4523
2250
2670
253
8515
3508
6723
8833
1804
9193
6084
6061
7046
278
1927
4184
7210
8597
618
6735
1908
4047
4432
5054
1227
5322
7785
7290
9454
8914
5453
4651
1932
9510
4277
5350
7616
2282
5559
9208
7975
5258
1100
4512
9968
8702
2351
3747
4624
1784
7748
2579
3758
5802
9730
4505
5665
9861
1134
8831
868
4877
598
3866
803
1720
3159
6293
3270
7829
3340
9705
791
5433
6979
680
6800
9924
4797
8489
7990
4930
9330
7501
7196
8574
1855
2864
9734
6145
1742
75
4091
3816
3871
9591
885
5876
744
7948
5881
3386
6310
6327
4557
5034
239
2682
6555
9837
2166
3229
6225
632
1178
9250
3633
9102
2892
2982
684
2385
6619
1187
3942
1416
5677
3491
6038
5421
9084
6079
2205
4077
6362
8358
1808
306
6563
3225
2355
9518
2238
2963
2644
5837
3007
4549
7905
301
8172
9327
6840
1450
58
2827
4041
2306
5699
2148
2985
9511
998
3524
582
6083
1836
410
1458
8037
8514
8346
3678
3049
1928
3743
5940
966
8037
4796
2625
225
6228
2976
205
1776
3903
2007
9704
1688
6710
8477
851
6503
9932
9789
56
7198
8623
7448
7736
6182
5650
5026
2463
7604
8872
1046
2853
1719
5791
8665
5699
2381
9015
236
6288
6677
9246
3275
6440
2976
2153
9666
9656
4945
8512
2255
8984
7779
9367
3539
7109
4362
5077
4915
8698
7601
6755
27
8826
6339
8162
4529
9069
7349
4793
3463
5
4320
2314
4906
9771
2988
9200
1816
1355
8920
6696
9726
1993
3079
3784
6415
2462
9828
3600
6817
8115
8294
8908
4338
361
3678
3395
8024
7650
5757
5743
4693
4335
6899
25
6905
9975
5858
8288
18
4433
2529
1446
4062
7375
5020
8967
1169
5143
6137
2071
2706
7470
853
2823
7775
883
365
2260
5777
6918
3497
8364
7691
8707
7906
6893
9420
6943
36
2716
7028
7390
2495
5055
4163
6606
8072
2568
6108
2499
8108
4030
3304
992
4996
361
5175
3727
6195
3098
6994
701
61
8485
236
5
1186
9852
7431
3735
8472
5673
1970
4837
5319
6759
1552
2282
8333
1502
1396
583
5026
8441
2616
3595
278
2390
1805
8623
7558
1881
9437
7483
7357
3645
4700
1672
903
5368
6925
5795
3777
9082
1153
4379
1612
8530
3034
5479
6593
1645
2557
6807
5534
6716
6742
8917
7886
3712
3766
711
6375
69
7735
693
5293
88
6160
1665
9652
6231
9923
6840
7378
8931
7284
563
3219
4164
229
3546
6
3994
5004
6950
7125
1947
566
3985
8146
669
1348
2253
8028
6674
676
2909
5953
9019
1627
3092
9245
4283
3821
5128
3793
8905
1487
7859
3871
4305
9956
1654
6114
3576
2484
2937
7322
2425
3323
5187
4997
4305
3533
9555
8441
2708
1767
409
5485
3689
7633
6404
1528
6473
4047
873
6049
6719
3847
7996
4389
9357
6909
1135
7111
4011
9257
7796
4994
1148
3930
2640
778
8223
3556
7070
7441
7950
9605
4332
4581
4935
7990
9814
9974
4149
1981
6734
6230
1594
7695
805
601
3739
690
4537
235
6584
6192
3146
529
1238
4119
442
6919
6475
4670
9537
7513
4566
690
4074
4909
4840
1791
8430
4973
1075
8074
4987
3
8077
9595
3056
1214
5329
4456
856
9217
1314
9772
2928
9786
189
6054
8039
5999
602
8862
9409
2596
5054
6514
5415
4010
8721
8879
2559
17
8343
2811
6836
7086
1821
4015
3634
2872
8129
7794
6672
1852
782
8545
1546
7041
7315
3163
6521
1478
6831
5768
9618
9575
6924
4985
872
2622
7253
7322
6622
6853
1652
292
3805
5690
9004
1936
6590
2588
3648
2966
8405
5122
1359
3427
11
3339
6253
2617
3334
560
2431
2656
5271
1445
754
6122
4911
5886
4904
4708
9807
6142
9136
6825
8571
2907
5953
2257
2410
3710
7395
1862
5884
1702
9898
9095
1096
3020
9039
1157
6513
1201
4797
6491
7045
2483
6053
2906
6674
6030
4047
2386
4757
2608
1549
9437
7056
5557
9693
1734
3511
9953
3132
5383
7032
7804
6065
3824
6133
247
9693
4323
30
5772
7117
8827
799
1316
8489
2877
2148
4467
4557
7175
7061
6509
1121
8582
2546
2252
342
3123
4316
521
3200
2589
221
4168
139
4882
7989
1824
203
9974
6786
759
5828
7383
3355
9645
5042
5703
3033
783
1670
5080
3587
7852
5598
9686
2948
1460
1040
8205
2843
3163
9299
6860
3279
2973
8201
9665
9469
2716
6141
9684
943
3109
3701
8672
971
8049
6884
3388
6821
7495
6623
711
4450
3263
6361
5378
8314
6321
2286
6439
4985
7371
2985
3591
4626
4129
3746
9682
8704
687
7383
9951
2507
4378
2021
1660
8451
965
4643
2799
8029
4400
4731
5882
6535
74
3495
2909
2328
3447
6532
6486
441
1052
6629
9491
7419
9495
6679
280
6323
4460
3868
1292
9353
715
3799
4494
953
637
7875
2597
4419
8812
9903
3092
6053
498
5050
7661
4995
4138
1895
5244
7552
2755
3149
4356
7708
3
9678
8632
7034
1000
4706
2559
557
5098
2559
5898
5598
9292
5031
7074
2493
1633
7278
8186
3601
1115
439
9140
237
9454
7754
7999
9922
1011
8084
5262
8315
6121
58
5700
3673
9142
4075
6779
8251
2716
5682
3989
9321
7590
341
1689
669
5649
2557
8719
5551
5976
8018
7655
5516
1351
4065
7843
1810
1937
1261
7828
4827
9581
6288
3762
2147
2219
6828
3174
5111
2245
5203
2705
156
4944
9423
928
6329
4386
3919
4327
4291
685
2334
4297
2835
3209
5393
3498
8149
5840
941
7196
3792
2787
7315
485
733
4331
7370
6098
502
6617
1287
9189
3948
8814
9114
5145
9605
2118
5096
5510
9264
6319
3681
6192
3526
2649
1230
8186
6031
2901
3769
5128
4798
8671
184
5986
6490
9384
1751
6516
9546
3340
7745
5122
861
4931
5899
3385
2915
4435
6573
8881
4283
7970
958
590
2537
8457
3866
662
5283
6100
9091
477
9209
2821
8578
6443
4272
8121
7640
6880
8025
5251
8469
4558
8930
2036
5028
6004
7128
92
1585
3659
4567
2313
1432
9512
2161
2382
1612
2578
6998
6864
32
5774
4806
4170
1541
1511
144
736
6561
2057
5734
7984
5784
2876
4032
2948
7306
7981
3593
6932
2009
984
185
6025
8276
7010
7712
9628
9557
3555
2908
2429
3396
833
5064
7008
422
9223
1057
9377
4950
6372
7429
9768
1597
1408
4058
2856
209
8266
8201
49
6344
8940
8277
8757
9591
3328
8316
6104
2987
5404
8
8752
1859
5176
9874
8988
8568
8352
9733
2465
2074
9525
7770
5231
5065
8606
4917
2179
3965
7101
2139
7654
4882
8636
3439
1554
2499
8853
8696
7892
1857
8401
4143
4189
2161
4776
2794
9378
3968
9207
4993
8068
3939
1328
4666
4234
7519
6875
2629
5706
4545
1275
342
9190
9676
5995
2426
6995
5085
2390
9591
9365
876
3190
8021
6839
9361
3973
5955
5191
5457
4575
8
861
4052
6137
1207
3771
259
9594
7246
1712
4579
871
8251
215
1689
4605
1482
8429
5161
9095
2960
816
4991
2976
9949
5490
6969
754
3394
2157
6463
6285
8687
32
7600
2579
4247
9496
2442
160
4627
7482
6454
9479
7231
4108
9102
1575
7173
4707
7819
7324
3908
135
1423
8514
8892
8691
5020
6405
2985
4393
1375
6628
938
9826
6013
8387
6845
6659
9944
4863
4633
9275
8877
493
7479
3257
4686
5260
1597
9290
8055
2441
5656
3072
3583
6096
3766
8366
4029
5680
5854
6208
1204
6216
4172
2791
5741
3229
3021
2434
671
8733
819
9512
1982
5806
389
7074
4205
7888
3815
9446
3937
5889
1105
6717
5059
3055
3646
9798
8657
6888
740
4484
7539
6701
7466
7554
389
293
3547
1431
8149
6030
1958
4069
3995
5310
2079
9483
1312
5591
1190
2650
1196
1225
3906
6980
5488
4242
5993
6032
5485
7904
8542
2266
5535
6279
888
3896
2345
3166
5803
5176
606
8292
6006
5717
6585
3248
7304
3240
6042
4966
1407
5658
2014
821
9791
8343
9321
6157
2827
527
1443
8446
3715
2791
5324
1003
5722
2220
8701
8766
4802
311
7517
2581
1302
4972
5292
7146
884
4669
6288
9872
8054
9963
9817
473
1868
6796
3651
2868
7751
2472
6232
3812
5828
8621
7055
7116
6339
8563
4917
9079
2738
762
3414
9844
347
3567
4168
1006
4936
3342
9221
6649
6062
865
6387
9272
7117
4918
6225
8764
3762
3870
4576
4759
5158
978
7867
7183
951
9536
3589
2734
9713
6740
2670
3605
8793
6962
7265
7313
3734
9471
2861
8502
588
9151
3214
6440
6854
9320
3463
8504
831
3878
9759
1675
3982
3352
8037
2903
4140
9032
2849
7142
8514
4184
856
6893
4435
6904
1627
1542
9668
8132
7725
8426
340
5577
3279
4235
8396
4840
5018
6508
1572
6803
4168
7588
2830
4501
8112
9831
964
9455
3516
5877
441
1868
7897
5839
7774
1141
778
5475
2356
5665
3080
1305
2585
2548
6266
6197
8929
2713
7389
4589
6802
1818
2193
5477
572
5596
9808
6902
2851
247
348
8509
7083
8931
1315
1647
9742
4127
2417
6666
1692
9258
1523
775
720
8468
5955
396
6811
7519
5029
1822
6368
2687
8109
6179
5803
3104
8714
9733
479
9063
6627
8387
8666
2913
8701
3570
4775
279
3910
5776
5679
1539
9921
2681
3517
6716
110
3538
1549
5277
7797
8099
8912
7445
9151
8834
3951
2311
8994
9690
7609
9281
8391
171
6348
7145
6617
1322
924
5539
1979
57
1378
9168
3270
9650
1523
7169
2671
2796
2155
313
2130
2496
6087
8096
2765
9222
4749
9268
1786
1192
9096
8409
922
6120
2147
2417
9547
7565
8145
9719
1958
233
7943
6437
7623
5782
4199
2342
74
8494
2170
5158
5166
8154
4777
1077
9721
6050
5415
9610
9128
2068
1726
132
7713
4975
1877
7052
3527
5231
1739
4310
4073
3411
8180
7463
8632
1641
1501
3504
4594
5452
6012
7336
3280
5620
2809
4216
3432
1484
6915
3231
5216
6752
176
758
2640
9589
8421
2078
7106
6802
1262
5685
3753
7628
6779
6088
1051
304
8904
338
2637
2362
1879
9187
6393
4466
1867
8108
6894
566
3220
8518
2373
9698
3794
3090
3531
1611
8007
2235
3344
5612
9182
4696
1674
7960
4242
8029
9270
878
5933
8817
3693
7243
2318
5515
3055
665
117
8325
2991
2180
8238
1507
8827
5405
6983
2813
966
5880
3184
5591
9955
6512
7582
722
7952
4139
2204
731
4205
7672
8255
2625
2488
4452
4181
2516
9414
5884
1209
8649
9855
3372
213
3658
1191
422
2868
8650
6581
2799
3378
3590
4274
1139
275
1175
3247
680
9725
4516
7699
4128
4100
3733
720
6009
6128
6162
6369
8895
3948
4185
4050
6144
141
6431
3340
2784
4333
5981
123
9475
5811
3356
1758
8088
129
1932
3067
6757
3818
1453
5052
9708
5054
8289
1306
9885
4691
6585
4148
5254
9153
7147
3404
3158
1434
7189
9054
9903
4693
5996
2494
6153
7510
3133
141
1331
6267
5796
2760
7636
3637
5643
8573
7759
3201
5306
3034
3558
594
4621
468
3686
5421
3587
5777
3072
9825
5554
2002
7543
6561
4776
3073
4101
9567
9981
4547
8008
6614
1076
1929
7626
7972
5552
8569
1054
754
5251
292
8166
1746
1522
9892
6146
196
6436
9364
8434
1813
137
4892
765
5060
4152
1015
1498
6274
9664
2706
8235
6662
8192
5076
3770
1930
1554
5237
6428
5893
5906
4412
6994
6614
7308
2184
9998
7161
4915
699
7810
1594
3022
9614
6084
5459
1662
21
9965
9891
1626
209
3217
750
9099
8011
3754
3147
6451
692
1549
5822
4600
7126
4558
2385
399
9029
8590
4225
4708
2424
3154
1940
4629
6559
5472
5154
8638
1664
9907
2183
7920
4081
909
6995
1098
3204
6316
1915
2841
138
8213
496
1243
229
8253
5273
6832
7167
1927
3360
1929
7824
8727
9911
9027
448
5349
8309
5517
7594
3790
6304
5332
6408
8228
7304
8048
897
469
7998
2775
5884
8585
9920
1375
1135
8724
8434
753
4360
8572
9274
5033
7832
9717
2055
7866
8871
4584
5791
1742
312
5538
3444
4299
2634
7976
226
4081
9159
4521
424
3184
7789
7020
6705
3783
6262
2791
8382
9911
8135
4001
2514
8742
6674
7936
1609
175
39
7484
7637
3718
4574
7861
1702
6425
6250
9615
9829
2019
2538
6603
9502
2794
5617
4962
4904
9784
5856
3338
9843
4310
8285
1947
8828
2276
9059
8171
2479
3478
5253
9573
9994
1001
4784
1097
6074
8787
876
9341
6341
4407
6686
9472
9107
3848
1469
1295
3161
6245
287
8113
7331
1619
9456
9613
7422
9480
7759
8779
7119
9011
4932
9048
5539
8778
6545
947
676
4139
4261
356
3893
2659
4551
1533
123
4381
5061
6712
5079
8515
488
4543
9764
3040
1955
1163
2762
8086
1913
2932
236
970
4889
5736
1892
6701
4199
5959
3017
9670
488
1514
9082
3531
9353
8355
2522
4495
3548
16
2152
8725
4464
8874
857
6882
1819
6026
4340
8737
1143
4234
1802
2560
759
6553
8096
5895
9813
6472
9563
841
5993
9794
5687
4643
4535
4073
1300
4929
9734
9131
1069
2368
9689
8740
662
702
7227
1948
1873
573
3084
7457
2253
663
3490
7647
4637
3132
9102
4396
656
1878
6493
7505
2913
5325
2391
5154
5389
7751
1175
8766
7245
6599
6999
3585
8431
2086
6872
39
7509
4815
3211
812
4410
9076
3935
3855
5980
8719
1511
1605
2123
7715
6775
6153
8028
4880
2363
9457
7978
3125
6724
1836
1898
2095
5088
2167
3913
4368
2101
4559
1588
3835
6074
2656
3812
5900
6737
7548
5716
4260
8981
9176
832
7170
9644
7616
8876
4270
5321
1323
9678
9950
6673
249
6169
5003
9063
7896
8086
2862
3590
9286
2833
6596
6235
9601
4830
305
8733
9514
3399
4129
4410
2665
6003
1225
9487
5625
3492
7931
2915
3700
1212
7048
3169
8505
3389
6912
6912
5865
8684
6854
5440
2290
4673
8511
627
3523
5326
7113
1110
7214
6697
5863
1515
4315
6344
650
6884
9273
6888
5500
2910
79
6378
2934
8696
4897
2027
2210
7326
414
3390
1162
5686
7142
1528
2255
5078
5641
9783
4518
3504
6955
9712
8877
3436
4275
1060
9675
544
2115
1294
4341
7838
9698
8043
7772
6586
5524
6663
9812
9079
2491
8768
2768
4237
903
8521
3129
4137
4777
4509
7614
912
5333
9422
3028
7329
3205
2089
894
7447
7883
9912
4009
2327
3487
9956
6750
1612
2262
2596
1338
6349
8627
6742
5819
1688
5719
1977
7008
9533
9973
1445
4243
8762
5408
1016
8083
6766
9301
7645
9737
4091
1797
491
4220
9165
5179
8759
5632
4242
6252
119
5546
3589
4044
5989
7358
2859
2604
5228
7433
7481
7425
6737
8539
8224
3089
8513
1404
4711
9543
5091
7471
3251
2134
5242
1923
4980
7625
7354
6790
4975
8041
9716
5557
9300
2088
879
9551
1339
2602
1557
5415
1904
707
5095
9368
9688
1899
6286
2755
2415
8878
4991
2947
9808
8337
6794
114
9248
5215
3056
4708
4359
9729
6110
465
156
3211
746
737
3083
3
2457
4607
2726
4477
2682
5648
2694
3362
1155
6525
3484
9168
166
1003
472
3850
5087
348
3733
4207
6973
4671
127
3640
6762
7970
3106
155
4937
4999
4800
7549
9371
133
3870
7844
1198
7509
2397
1307
6323
9165
208
1470
6730
8650
686
3733
4892
6054
3494
1054
2773
5513
5546
4883
5692
2331
5114
5626
9008
7607
2333
8267
4400
9132
8078
6620
3207
7853
1425
9897
8723
8648
9665
9983
4609
2516
9063
647
9686
1299
4681
8512
5852
23
2316
6789
2567
3233
5463
5118
3187
1796
9111
6466
4492
504
4136
7113
1353
6235
6503
9232
774
5490
6545
134
157
1373
2662
2787
3441
2248
1184
7161
8118
7645
6186
5650
7120
1031
4767
4920
3734
9666
2017
4548
3
8126
114
575
9769
1251
3298
5620
8386
4846
5749
2918
4612
8969
7904
317
1472
4072
7136
8236
1416
3071
1959
7518
8010
6434
3701
9055
2926
8885
6383
5335
3224
7730
8878
1073
1258
8904
1318
1178
3369
5712
1841
7988
1817
8299
8808
7402
2856
5960
7325
6462
2101
3362
7448
6062
7835
1157
5996
4918
1933
7153
2053
8318
3856
7383
5153
1188
6543
4064
2568
9989
6559
8365
841
9204
7312
7129
8034
1661
1901
3467
9931
4195
3184
2840
8576
4245
7173
5717
9018
8784
9625
3418
6681
6958
4574
4337
4863
3020
7534
8718
7547
2649
9946
1737
7121
3658
350
358
9843
2058
8482
7078
7998
4623
7759
4758
4500
3544
1132
8197
609
8274
4261
1316
4684
8970
8951
4534
5068
1612
2650
2502
7716
6426
1387
6199
3581
3033
2677
1878
6798
9750
9196
7165
3226
6405
9046
5201
7399
6041
3989
8394
9878
896
3813
9491
1684
4006
1231
3879
780
9914
7112
9084
5302
4749
4569
9116
5984
326
1195
2333
2856
9939
5615
7170
6739
4411
775
7403
9581
9470
4564
1048
7773
6973
1069
8603
8116
7974
7641
8666
4131
6280
3402
228
8630
6901
8022
6619
9632
1605
9139
6367
4788
5879
9710
3884
285
3907
2439
1962
4315
5130
9693
8098
5370
5823
3586
624
7505
2047
4970
3171
4068
2571
7638
8546
3031
1511
4791
41
5727
1242
3969
3073
934
5638
9086
7821
9003
3554
283
4752
6804
6994
195
3676
7361
904
1254
8598
2974
4660
1622
4501
293
199
9758
8746
4573
7541
3872
7625
5491
9609
4601
7685
1811
5602
5730
2585
9219
2667
6806
7091
7004
985
2235
6363
7718
5517
2367
1265
8416
9961
3105
6517
2184
8655
9624
7568
9245
3669
532
896
9374
2357
6287
4720
9118
401
2815
1510
375
1876
6956
6309
7048
4371
5768
403
9741
9234
3648
4629
601
3843
7422
8295
9267
105
2343
5048
490
3274
7464
7249
501
2035
3896
9654
124
1318
4073
6101
8477
8991
945
8572
6172
6404
144
7959
9226
5818
5949
6502
4192
5604
9361
9773
312
1047
7743
1638
7736
8761
7519
1665
6733
6951
4726
155
6800
2070
7572
9884
8263
8273
9289
2106
8234
2721
3140
2092
944
9995
7690
1641
6743
6130
96
6542
1276
7342
1781
5710
9500
6085
5518
3827
2488
5893
3375
2211
6814
3075
2067
5807
6762
4782
6233
1861
4985
2621
3643
8885
2965
6775
9371
5392
2018
6289
4861
1804
3635
1713
4795
1636
8426
9426
4345
9772
8251
3744
5062
4995
9147
6739
8699
7409
2874
4137
4451
800
7450
2124
327
5015
8747
9506
4885
3216
9781
3731
1356
2891
7905
22
7239
828
2789
3364
1876
2592
8889
3902
2079
2381
9802
281
1615
6135
4811
7239
8269
9918
243
8018
2221
693
6136
3186
4843
3438
4709
8974
7171
2256
7690
2847
2124
3354
1697
4383
7730
1314
8840
8753
1406
2262
5792
6874
9349
5108
737
396
9914
2325
1288
8500
4464
4404
606
5674
9408
332
1782
2581
6036
2191
8786
2193
478
2643
5810
3400
3559
6950
6923
5325
7208
2643
2864
7033
3358
125
2672
2300
4158
4024
9051
4117
4869
4903
1634
5933
1386
447
5386
1629
403
6603
3405
7968
817
9689
1885
2210
457
8609
6261
5224
2735
3510
2319
6554
33
8741
8315
8171
717
3355
1555
5993
1216
3251
2504
3824
2333
2908
1255
7273
8390
7464
1214
7823
681
6833
2710
1906
3418
8663
9244
2436
8873
6565
4399
3761
6208
4001
5064
1692
5036
8209
7345
2597
7589
91
9588
4215
2699
245
1169
9837
5151
4796
9275
5828
7595
3744
3567
2379
3055
8667
2178
967
329
4370
9831
2355
5440
3428
186
2229
2109
6240
1083
6620
4967
7684
474
1701
3113
4976
1435
413
4034
2136
8662
6385
3977
4728
9759
3921
4363
3650
2285
4931
227
8995
7928
7219
5092
3603
484
9016
8822
4731
6501
7570
9098
6241
7101
6943
4156
4943
1433
5390
4052
7314
3637
8747
1481
7438
4039
4376
6259
7967
4255
7404
587
4794
1913
7717
7697
8242
3531
4282
3914
8998
1265
8123
4516
5831
4915
6314
1991
3464
9456
3026
777
7886
330
9477
7390
6423
8893
2980
4651
8583
1981
8216
7557
685
5387
2062
555
4436
2979
9566
7277
6677
7334
9836
1111
3658
2559
6807
3310
1885
9683
2016
6261
6463
3258
4693
9628
1845
4133
5162
2630
6397
7147
3193
646
78
6020
6464
421
4413
3553
153
531
668
2389
4504
4280
5837
6644
2509
4245
1540
919
5737
5083
3290
3369
7421
5591
3870
6626
4029
7721
7574
8397
3300
9536
4899
9447
8066
3733
1682
3895
4592
6928
3375
2180
7459
3978
84
5304
6191
6016
4336
1871
7555
8480
7890
2843
9330
8644
1268
8056
1058
3672
2101
71
9693
313
3743
7673
885
6508
6343
7081
4901
4424
6770
295
9346
4514
196
3981
5296
4419
164
6431
6401
2024
7964
6964
2168
7621
3117
8459
8876
6470
3295
4220
5960
4676
2101
4045
3663
5073
6671
61
8348
2544
5769
6129
8072
6084
6849
3656
5765
643
2006
9148
9751
1254
1004
2744
8034
5760
9995
7793
7839
4088
5351
6914
9112
9509
9563
7320
7074
7654
4335
9814
2619
9707
4600
3942
8169
6099
190
2381
6594
514
2313
7050
8649
9919
4916
9083
6662
872
164
3275
4575
1266
9138
4860
338
2273
8260
6765
3909
191
7770
8312
7012
4349
947
9163
3161
8612
8752
8176
5882
5894
9920
7067
9308
3590
5019
2048
2470
3873
8075
4767
2688
8023
7924
3741
9098
4730
8979
944
2953
1266
5540
3510
6220
3802
4158
8483
8989
7178
4746
4293
3027
34
6353
8053
5811
5760
1923
8733
8631
6927
3139
8624
5303
3340
9455
9578
9812
8982
3246
7542
1380
3121
9619
9014
7431
4262
1102
3682
5848
2171
4737
4208
7935
7786
2655
7452
7507
6609
3904
4
2669
6294
9074
5123
9767
8789
682
6264
8115
3719
9416
514
2729
864
5000
4234
3528
7446
2565
6413
7438
6121
2104
4261
4499
1539
4798
7155
3983
6141
8407
8186
9067
7371
6331
7883
3381
1925
1655
6249
7949
7123
4613
984
6908
9525
7610
4295
5157
1292
9880
3063
4163
680
7716
5207
2034
3887
5842
2126
6490
4455
1548
6340
3542
912
4034
5100
2099
9633
6539
7282
5508
5645
1753
1821
7682
3874
9226
5842
8880
3582
5867
6117
5500
1742
504
7772
8274
6980
3151
2801
3307
36
3234
9764
4194
4155
8778
75
7559
8525
153
8775
8493
249
9576
7845
8526
5291
2591
701
6910
6895
4115
1002
780
1581
6249
8870
4789
4821
473
3906
4243
7063
4878
7215
3379
415
6457
9900
5316
7996
9861
2332
8699
7596
4118
3235
3268
9382
5419
45
5635
9187
2578
5787
1160
3625
9914
1018
8560
5078
5076
5154
4632
4261
9763
7177
7533
6288
2834
5201
5871
7635
8404
4613
1668
568
6967
6459
6856
7109
1762
53
1250
3950
7405
7306
8930
3431
2544
3229
7863
4795
1636
1207
4813
2898
2613
1958
4883
6386
8089
3584
555
5397
3962
9893
1434
3747
239
5233
4559
1276
1465
9019
1360
5988
3657
5550
8960
2283
6303
625
1470
2776
6589
7972
8967
7137
9930
489
2874
6618
930
2237
2092
2024
4682
4018
4226
6336
2930
5098
5884
8288
5075
5826
6514
1242
7320
2713
6661
9705
3130
11
4872
465
4643
8158
4168
9895
6691
8952
902
3242
6673
7067
4486
3517
3273
8862
9152
1923
4116
1930
9635
3365
8741
2702
5817
466
9632
5919
2422
7652
4245
6991
4538
9499
7642
1416
9606
2120
6663
1046
6283
344
8666
9934
5822
7035
7818
207
2167
4752
6457
1588
3689
7519
1731
7586
7900
610
7155
9204
2822
8209
565
9857
8120
2345
9238
6439
1428
3672
9063
5142
2829
2263
6257
6187
3095
7668
6306
8695
9053
5531
1141
4316
5905
7041
9472
5108
669
3693
3351
7277
4537
9315
4910
7733
9046
4078
6379
3053
8823
6938
8842
3789
3599
8091
3402
2997
5365
397
8324
6907
9780
6585
5020
6534
1519
3808
2865
9190
5346
6903
8606
8541
3139
3999
6883
2910
5431
8192
3901
865
1010
8402
6834
7392
8966
5592
7593
2465
5420
2937
3173
3296
945
6412
947
3479
8151
2687
4873
621
237
7620
3518
969
5657
1289
9544
4610
4065
7187
2417
1541
57
3638
4595
8481
8854
5427
3762
4706
9633
5646
7849
2104
5127
1834
9356
3011
5406
8820
7980
589
6082
2361
762
8868
2494
2389
643
7747
1542
3545
8233
349
8384
1448
3586
1925
5699
3854
1337
7468
4567
8541
499
2984
8188
9542
348
269
7495
5649
1632
3082
5735
9576
85
5203
3110
5014
1045
1495
8715
6439
4810
397
2780
4012
9026
7488
5360
8575
4514
7620
3666
109
1175
6467
4562
8884
7143
1609
4230
9178
3238
4072
8926
2039
2837
4121
117
9217
437
8256
8515
9634
5433
714
9583
648
9048
8454
7682
1977
146
2685
3271
5792
1578
1967
4014
6760
722
1276
1264
3924
3765
2139
6908
1193
6909
4314
6320
9609
7508
8659
6276
4301
1752
5272
976
4174
9336
7067
541
6704
8843
4380
5193
6507
1152
2575
2740
7399
6911
6409
6936
1443
6878
2487
5829
8258
9456
5291
1930
5555
7417
1684
7072
5740
156
4777
6896
4290
6837
6034
3541
5928
3698
3012
380
9681
412
4022
9704
4243
9124
8436
4722
5962
5384
4976
5389
8374
6260
8255
135
2099
1973
4327
4620
7715
2938
6835
8069
3690
6131
4145
1550
6757
7755
4825
3732
55
5218
8810
6253
2130
8131
9154
6882
7183
6629
5545
9879
5018
9804
9771
2028
8988
3327
4640
5308
1638
5524
3338
2898
1176
6760
8891
1531
5771
7211
7504
6
3265
3687
9901
8264
759
1137
486
1821
179
4377
840
4505
5696
1420
1922
2588
3140
6857
8899
7555
1482
3920
3521
875
1984
7669
4019
977
5679
1476
380
1685
3650
2159
7701
6285
7510
8707
7989
9942
6125
9657
687
8677
4270
4728
6200
4139
2844
7559
1076
9015
2721
6448
8844
9861
7000
3568
9630
2468
5172
3692
4690
4421
2015
9341
8484
2544
6019
172
8978
1457
1871
7944
3779
1759
4551
8548
2818
45
1771
2814
3863
5322
2417
6650
4352
4467
6465
285
2609
7944
5310
677
2997
6203
4092
454
2463
6900
4226
6895
6162
6210
6702
1803
2153
2269
4991
5828
4819
7639
1059
6066
8351
6817
9677
8464
96
73
706
2847
3246
1808
9921
1572
1497
1386
6253
7661
9658
3439
9000
9426
6023
4638
2669
9862
9811
1281
9370
2860
7616
5036
7560
406
8786
3167
905
6472
9041
8891
2637
6219
7738
5633
897
6862
5011
1158
9093
3207
5401
4931
7527
7911
1640
744
81
300
3670
9296
2092
9920
9548
4480
1120
9422
2450
8666
9081
4644
7734
8014
7287
6996
4857
751
6434
549
390
1571
2856
7079
0
4421
6229
7476
5782
1621
3870
8785
7830
7310
3946
7732
1644
8632
8941
1727
980
9076
4178
4618
756
5861
4052
6815
4159
1502
2409
8255
6263
838
1676
8322
2626
1848
5493
6732
344
5335
8887
5642
1110
4047
9078
8060
6514
7031
2515
1677
5868
4562
7606
7197
1581
5204
8663
2128
9183
5554
7641
6575
1065
7714
467
8044
1125
6978
5579
3954
8623
7252
5009
7339
4140
3879
9478
5532
2805
97
3528
2955
799
6056
5099
4193
1688
0
9653
4873
303
8398
5813
5656
8480
3739
1713
663
6988
7365
7404
9228
6769
127
4000
8967
8891
9833
8909
1832
662
6826
7854
5646
4655
409
5380
3497
6198
1500
1009
3985
4578
7751
9651
3984
6577
214
3836
2394
2602
5206
26
9661
9841
2637
2535
6707
6006
9178
831
2068
5467
7447
3817
2393
3120
8043
5509
8139
1293
60
2848
2378
3243
241
7031
25
8815
8086
3094
6887
964
4889
7483
2329
6212
6273
4155
210
3507
3278
9296
2436
3400
3291
4079
9120
9064
6672
4722
4922
6401
3524
1110
5720
800
1648
4883
5961
6047
8111
4499
4594
367
3889
3265
9476
4701
543
5744
377
8004
5304
2885
7485
1744
8922
5554
2953
5290
2125
8591
7994
5445
6585
3383
9264
4563
7671
8684
8403
4164
3797
6136
5648
6013
1539
498
6849
8161
3963
8217
6363
7167
8702
5392
5969
1031
7016
5414
3750
3242
6997
737
7407
989
8734
2806
7526
2985
6364
5143
8491
8019
6509
1545
101
5923
8563
705
5238
3571
3354
7275
2317
9286
6210
6727
8885
8146
1722
7136
2027
8667
8158
3098
8141
8382
4007
8232
4733
4438
3793
4119
7909
6527
2538
1994
2500
5397
7189
978
8662
343
6910
5658
642
1390
5993
4205
8925
9636
8547
3572
6717
5939
6810
2816
3048
6443
5673
3280
5290
6654
1499
4688
2644
7692
3024
9518
9362
8471
4605
1498
6837
1490
1246
9929
7007
6219
9271
2294
8462
5857
2600
8054
383
8388
926
3078
8276
5448
1894
5299
7840
2037
7053
438
5246
8335
1507
9722
5570
9004
2654
635
2407
2999
3963
4301
7976
577
9519
8166
2602
6270
2539
2649
7798
1075
5646
3408
2485
6122
8916
2277
4755
2687
7357
9725
4006
9403
8792
3714
2600
4986
5342
3115
560
5131
9259
8042
6864
5123
8710
3809
6183
159
178
2690
9269
5796
5230
5682
2191
516
8055
6138
5225
6832
573
5290
1584
8564
3554
3321
4042
1652
6095
2109
6244
2049
9057
2627
4107
5671
5120
5020
2183
5670
4721
9269
5569
1227
2977
4993
6438
4843
1153
7509
2003
1324
6082
9647
2192
4735
390
1796
6457
5933
7557
6149
119
6893
8113
717
7614
4032
2641
1418
7855
3465
1018
9765
4782
6380
4460
9071
7470
6898
7016
4170
1640
2710
8736
1730
1178
5424
2662
6982
3900
6075
6550
5511
2926
7892
1952
2987
8445
8609
7197
6862
3908
5036
4227
1063
3583
9067
8723
3378
8155
7198
7248
2863
2137
7204
58
7414
9394
5065
7256
8084
1540
9056
6020
7063
1419
6393
8641
7731
3899
2656
3719
206
585
4690
1999
7966
5849
1324
1978
5693
4337
9298
4011
5590
3149
2872
1989
5887
2668
2528
5071
4898
7288
3057
405
3050
8131
7697
1768
3847
7692
6863
7525
3613
4097
3503
5090
8767
4751
4435
9140
8260
3124
3010
3551
4819
3478
1543
7573
9905
3484
5961
9904
1588
890
5970
8922
6578
5402
1919
3481
4587
2005
9619
8009
1088
5362
8696
5377
4382
4069
9971
6103
8363
1641
4787
5279
348
3128
2118
2430
944
3990
2343
9294
1981
5486
5303
6746
3749
6068
4135
5081
3060
1338
4304
5927
7529
30
5104
2287
2751
2048
4082
5381
3878
6050
1128
3791
1539
2536
4407
3044
9185
7566
8846
7405
5762
5705
7780
6936
9782
3702
3614
8747
2950
4462
1546
4757
5166
1643
2892
1232
5733
7172
6850
2371
5370
8468
3749
1172
6637
3641
7215
5018
2038
9145
4307
8113
6310
1038
333
7415
4489
4226
7735
2099
4645
886
277
101
385
9852
6415
9512
7877
4724
7736
4980
458
1443
3999
8449
3805
2736
2354
1798
1973
3017
3577
6478
7422
5634
6198
6012
8098
605
5943
2134
228
9189
229
8844
5496
3524
8509
3404
2146
7029
8665
350
4729
6548
8218
1930
4648
5969
4659
3226
9361
8579
1861
425
4510
6201
7939
8779
8310
7148
7441
2934
2936
7984
7694
8926
6982
7977
4987
4351
7393
1770
9671
355
9389
7017
5048
9635
5937
6751
3480
3882
9086
9915
9226
6213
8330
9030
983
2727
4871
9585
8106
9113
68
9562
8132
7919
8816
7086
3612
3765
7510
7640
5847
5016
3818
7208
992
721
9230
8399
9220
5596
2177
1430
8748
8711
485
9598
3144
2662
7275
1121
9253
8435
9421
888
8522
5058
504
4119
4229
4227
9492
8067
8477
7521
6498
8803
6019
535
2209
8804
2298
5266
3084
150
7536
8162
8627
1412
2888
5258
7269
9793
1030
166
2823
798
1030
4780
5476
8392
665
924
8720
7678
5021
7153
6394
7488
2967
2185
3582
3042
8928
7809
9157
5840
7865
9050
8970
5548
7244
3592
2601
1667
3201
1800
3189
894
58
2769
678
3221
4604
6100
3966
9677
4922
1950
9047
6369
639
1164
2283
5182
2952
9821
2238
5081
5532
6403
4844
8492
6569
9731
6523
6301
556
3261
9629
8191
8860
8101
7460
769
8659
4431
6913
8533
6970
3850
6764
2572
560
3651
3866
9100
6391
8362
3277
7619
5740
417
1630
9845
3537
7905
3935
1810
1112
4887
528
499
7646
6012
8129
2658
6689
8834
4239
3705
9904
3578
7180
8819
269
4226
5807
8367
513
7755
7301
4116
7149
8649
3267
5518
8057
2900
9770
3829
8955
7500
2933
6270
3957
4057
1089
3819
3451
2608
3129
4094
5391
8017
4030
892
267
5501
7295
3388
5611
4214
9515
9678
1444
2878
5952
904
5589
1873
8478
8684
7160
3535
3550
3541
7365
4433
1656
4000
548
125
2198
9880
6012
2725
9107
5481
3853
7161
3326
3014
3190
9421
3649
1495
4020
2597
713
2122
8553
1260
4817
569
6292
8372
8751
1564
1842
1448
1451
6981
3472
4926
5832
9674
3036
8824
9968
7568
9672
9625
7760
6242
3225
8293
2381
6033
66
465
7761
69
4792
3577
326
930
1106
9216
5262
7894
9632
5970
8061
5678
2372
4342
5699
2233
9073
5039
1658
7380
4446
3473
9048
8260
8279
161
6225
7506
7169
6150
9725
6192
1016
7435
8401
5626
6471
390
8077
3576
5746
2450
7745
4016
5539
5305
6637
4552
4176
1278
6867
4041
5718
3494
8443
7519
6340
7910
35
2252
742
7672
2881
1885
8699
151
5063
645
9734
4426
2721
133
3710
8334
6653
9277
4866
3035
6984
7099
589
184
3649
2450
6529
2139
3580
7287
4307
5001
6214
5333
435
6539
2928
7840
375
993
1834
3718
1363
2401
8253
8434
5703
1448
4132
2042
5092
9025
8712
24
7980
6595
3575
1445
2949
5844
81
8913
3706
6796
3646
3984
191
1332
9583
4334
7566
8653
1743
9075
3795
749
9334
7346
2192
7077
1851
6731
4766
6494
2946
1088
5697
4961
3673
5189
2470
4277
1227
6992
8811
723
8752
5040
3995
3190
5586
7803
9110
1247
3787
8095
7737
2052
5264
1689
3950
5720
5956
548
1123
7846
7978
4586
8207
8199
2460
3958
6311
4339
2833
6249
4428
740
1438
1931
7037
5286
1132
9178
49
9722
5793
9454
3033
2298
5374
5389
5574
4311
2213
3034
2215
5134
5380
2791
4732
6521
8930
44
8012
8033
4549
8432
3247
625
6830
2116
8793
3254
8946
9583
6580
1779
1413
8820
4152
5633
6933
2032
1258
2452
9712
2255
8239
2392
8739
5694
299
3914
929
3051
3098
2259
9884
8216
153
9695
9059
8559
818
2316
183
4015
9683
1214
9979
5333
7658
1135
3864
4406
319
4948
4859
664
238
9226
2124
4337
175
4607
2140
4775
5156
5310
4425
70
3406
3826
8128
9760
9052
9947
2865
6974
8322
8591
5896
5749
7826
3415
7981
7668
3209
1242
4745
3945
2472
856
7651
3124
1949
4604
4678
2660
2046
9749
3841
6829
2770
654
8972
1242
5420
3352
9377
5263
2404
9097
6430
5368
2484
2542
5622
7021
8908
6428
9038
6823
1346
8468
2779
4924
4634
2949
1254
1894
4877
3884
7256
8289
8985
5494
3448
7363
4885
5318
7326
4375
4367
2801
3507
4050
644
9559
6807
9974
7532
3884
5855
5508
8815
7796
4825
3372
6488
1022
2925
673
3460
8679
4050
7048
6663
4271
889
9038
2620
6633
2154
4873
6742
1963
3082
4295
3879
1318
7910
2979
3372
3007
9662
7926
6948
6236
8032
5145
4204
2378
9136
3033
1832
5019
8738
5171
287
4333
8068
4623
2163
1349
5946
4250
7660
7099
6631
5355
1505
7391
6020
8183
7618
457
8705
5295
4260
3726
7734
7671
9050
9678
2532
514
5660
8427
7516
6361
7287
1460
7580
2122
49
6031
6114
9597
7623
8341
6574
2242
4789
2518
7656
9158
1632
5550
1755
421
7668
6512
3549
4105
8150
4046
9563
8560
2549
9291
9238
6236
9617
8279
3892
1843
1416
3610
3909
4807
8793
3788
6643
6992
3207
5728
4692
261
7084
1873
7904
1930
5399
3029
1433
4563
5299
6926
4123
4455
1398
799
7106
8928
7955
2652
3346
6734
3852
5690
9176
6827
1095
9381
8763
6713
8907
2288
7341
1448
2984
4935
9460
3460
7281
785
8415
6506
567
5314
3319
5531
1011
492
1157
4634
751
9221
7098
5871
465
9587
4110
8334
709
356
4056
4834
1206
5035
9767
1186
6057
4148
8699
549
9639
8073
5235
6914
6725
4893
3572
2433
8833
6693
642
7933
2122
8103
846
5626
8476
1930
1244
5683
8199
9757
4960
4541
6716
6772
981
4824
6132
5436
8665
2483
7564
9504
9912
4302
3648
3844
6964
75
9619
3278
718
718
3912
7813
2100
5876
7857
6994
2454
2463
3505
6643
4982
7183
448
8270
7436
237
3915
4531
4179
2785
9093
8010
2868
899
8478
9147
7100
3534
8013
1900
8221
2368
9165
3445
7742
1999
1970
1599
6656
3734
1511
4059
1454
9340
534
8416
1839
2454
7443
9948
4188
66
6757
2683
3784
4660
6577
8022
4273
9870
8356
786
9858
9816
8013
6377
4674
9216
6374
8390
4877
9515
2717
7642
7692
7561
5939
763
9075
3798
95
2188
7032
2124
9152
2952
1915
6726
4606
104
5542
1232
3676
9236
3138
6746
3084
2758
3459
5419
7726
266
4961
7202
1655
4929
4629
2584
9546
7653
5644
306
8101
6135
5163
6738
8123
9540
4479
732
2505
3814
8719
2950
4871
2215
2545
4569
3806
1888
5045
933
9232
4015
818
400
5944
3431
2667
414
5999
2753
798
8125
5960
6161
2089
4776
3257
2707
2153
9323
2310
3460
1264
5750
1660
9821
3730
6058
7398
538
3196
2176
6064
9689
7906
2217
1206
334
5716
1936
3159
1844
4716
9020
9596
2541
5814
945
4703
9034
2652
6038
1977
6070
381
2818
6412
2268
9434
9936
7002
8938
4589
3201
2720
2829
2070
384
1203
8267
4627
3024
7365
3920
1211
6674
132
576
5447
499
8704
3724
5869
9122
8998
1535
7899
176
3533
3384
2476
4479
140
6466
4618
1133
503
5134
8385
4138
4788
8114
3628
500
6910
3371
1118
6692
6341
9262
5374
5345
9696
5917
880
1523
7137
9909
8364
18
6195
6915
1422
5597
4194
775
1689
7590
2326
2576
9832
218
6190
1527
5347
9390
2021
4104
90
1045
8532
7131
1537
7999
1476
6001
2616
8220
7421
2826
4502
9246
6720
419
6018
8635
5166
8380
3693
6849
9411
72
4783
2389
5747
1438
3292
1572
5759
3116
7203
1626
2995
3179
6211
4001
7631
5805
7578
817
9680
2083
476
6374
7163
1947
9772
1839
501
6919
9322
1747
3554
7241
921
1022
344
7674
9276
3017
5071
3178
3372
6487
5191
9425
2184
4875
5638
916
5818
4743
4556
5171
7106
6336
1765
1616
3377
9885
5323
1578
1444
9966
8565
2615
683
9850
769
4224
9365
4176
3705
7670
6938
6943
5252
6802
37
7793
1980
9402
6299
1954
3367
9600
1116
142
9364
9620
8789
1897
6372
5082
9088
7128
1763
694
9353
892
7697
3492
9117
2623
690
6420
3649
5607
3166
6322
4684
7543
4581
900
2178
8133
8563
6188
8351
7718
1580
8189
4156
5765
9236
9019
5136
2147
9213
3803
7510
3977
142
8425
1927
7881
7965
3689
980
9746
1689
5333
1507
6145
8150
3045
6883
2564
7317
1964
4541
9371
9055
9983
4937
2488
4351
9665
5210
4805
9273
8681
2487
3364
3467
5413
1383
1345
9934
2568
6984
4756
4473
2702
797
2067
7650
1793
7281
1685
2193
6500
4508
6784
2420
428
3985
4100
761
3391
2385
8289
6107
1396
5120
6258
7035
2218
7425
2861
6762
6933
6177
5666
7329
35
845
1553
9278
3804
5761
9769
6699
2568
4575
6171
7900
4746
7816
9741
1349
3738
2153
9482
1622
3473
2676
9494
4260
4925
5690
8736
405
1828
2531
9568
2823
9110
298
4144
9565
4347
6823
6950
2519
3755
5994
1071
1181
668
2785
6264
6777
1846
518
2342
9150
1747
5320
8805
4040
7218
4308
4654
8977
5738
2465
9857
9069
3467
6437
8546
4691
97
694
3552
3385
2754
1585
16
6731
9495
161
616
3591
3831
4092
9016
5544
4846
4288
5443
4604
5836
7541
6378
6692
4938
223
9514
8089
8920
1795
7164
9813
1106
3219
6218
1573
3089
8920
1954
6441
5549
7451
9475
6580
6240
4272
2291
9607
7174
2527
5507
3333
5793
8624
6170
6466
2696
1490
7950
5661
1983
1161
7330
1175
9427
1954
9417
9278
7740
8484
1129
2795
2212
7812
4298
2469
1974
4356
6605
3407
7504
3530
6378
1685
3395
9449
769
2814
2057
1278
4322
9918
3462
3513
3080
9307
2438
4886
6977
1546
5798
2023
7961
2166
8111
8288
4579
1500
4286
5214
505
1813
8847
6277
571
4225
7399
9588
4147
1884
9136
8039
4281
4016
5487
3161
931
7719
5409
7124
9940
9739
5204
5879
9253
7229
4483
4370
3682
2254
4073
9425
1195
316
6583
8243
346
8285
8784
2838
1700
5425
5409
2304
5896
4967
9118
524
7829
8895
3480
208
8921
4551
9739
8151
883
7748
5395
3520
8410
7055
2430
9377
6887
2969
5036
5593
6908
5964
6772
9713
3928
128
1329
3182
7379
7367
1753
5767
3364
3206
989
2221
3714
6032
332
843
1574
6832
5491
2987
5760
8723
1071
3843
6897
3071
4195
4954
5893
2052
9125
9099
2371
3486
4594
325
4669
5988
1570
4652
2130
544
8342
1344
8355
459
8878
8551
8211
5428
4247
4842
7863
2509
3426
9449
4700
3971
1231
3324
1912
760
2088
439
5033
3390
5850
232
954
3393
8014
8320
9540
7570
5399
2908
7905
1388
9875
7536
9660
6069
2340
6367
9524
5859
9145
6041
7102
5448
3109
496
6810
9323
2033
4265
8654
2356
7405
2364
8751
2644
5665
7048
7791
7679
6050
2727
9856
6727
6465
3352
2822
4854
4397
3759
7722
6744
4680
4229
7306
3730
4807
7741
5902
291
6739
5845
5878
2661
6669
7957
272
7856
2511
6983
7029
4828
3789
7442
8083
8112
9833
9557
9205
8908
4934
5917
5470
8191
9045
4131
9380
5334
523
4533
5225
7154
6500
8239
6566
9876
608
4054
7648
3368
3243
8161
2220
1835
2107
3988
606
6299
3698
9562
7245
442
7844
6126
4803
4093
2114
5350
7696
887
5076
8701
4190
4077
2150
7404
6704
6374
6921
1060
5907
897
8842
3738
8726
1603
5072
7823
1654
2635
4175
8747
2450
9812
9065
870
2494
9319
7172
850
8579
2778
8167
2056
882
1672
6574
5886
8761
8638
4349
8338
5935
7056
4832
6726
1961
2934
3553
5688
6591
1830
6483
2428
5176
591
7403
3144
8418
6639
9519
1260
2463
9138
727
8364
1945
5111
3135
2219
581
2784
5118
3333
997
1559
289
5370
6440
3736
1617
8210
2220
1743
2451
7601
2452
1998
4878
6425
5700
1482
4039
7526
1785
8003
9656
5034
5110
990
4879
1606
6536
5649
2050
6849
6907
6747
6593
5080
9030
6941
3172
5010
6994
3657
4979
671
7560
8629
1572
6781
9992
924
5999
6710
2213
642
9934
937
1725
8289
3360
2307
1815
5973
9565
1850
4933
496
9507
5238
9849
282
2430
2492
372
7689
3991
1657
25
1193
5427
9287
2289
8617
4460
6255
9607
3986
4301
4027
3811
9972
7
4134
852
8318
6641
1251
9974
4090
5596
8215
6276
2435
3668
8724
327
1379
1362
8850
524
1966
302
5292
9939
5717
9858
1269
6547
1415
5850
3461
5580
9627
6296
5604
9717
8162
7332
993
8915
4428
2912
6783
7451
2890
6569
4525
5278
716
41
3728
4435
3830
4266
8576
5779
5987
5957
7580
2958
3590
4409
5178
1371
4969
5511
239
8044
1349
2281
5623
1535
2956
4131
1858
8241
3734
993
8940
654
9878
9312
2534
3156
1336
9930
4118
8165
7849
1513
3336
3466
7507
428
6431
4404
2868
6967
9773
6942
1194
7796
1178
6879
5277
3144
1588
3692
2440
5441
1044
8122
3286
9787
2713
273
6277
8530
4003
3724
1418
8065
9902
8860
3025
7257
6488
60
4878
7229
1217
4432
3605
1466
7742
551
6674
1268
7818
5647
2934
6700
2362
7431
7311
3598
7899
2799
2595
6182
4987
9116
8969
146
480
8873
5732
9027
5464
1863
7820
4733
2335
6036
4315
8846
5655
4634
9137
6091
1191
6206
2132
7910
9266
1993
6183
8908
6818
915
1206
1051
3201
2811
7563
6208
4388
1763
5392
5166
5685
6584
8642
5051
4891
2912
5071
8580
5992
2188
6172
8993
6590
9837
3925
5795
1519
723
6609
1386
4257
8304
7792
9987
4170
6810
8741
2911
6221
7936
7210
6879
1984
5572
7845
9562
7113
3238
2885
2241
6453
6258
9944
3418
2373
3952
5005
8200
8918
9849
1056
4588
6075
873
9592
1621
9017
1104
505
8242
8095
6706
7734
2008
80
2494
5431
7472
2990
7628
4594
7063
708
623
2681
2889
3712
971
7184
3624
1371
7456
1642
6358
7238
7956
3375
4194
1524
5358
7068
4350
7598
6286
6279
1055
1175
2843
3661
3935
1724
8613
8937
2589
311
3305
1219
7763
5265
7090
5203
3639
9777
7052
1857
1435
7398
5539
4315
1872
3132
3211
6546
1095
2463
2329
49
2392
5449
7966
3962
3419
377
1444
7727
5604
1971
1809
4058
6444
9597
2409
1034
2842
8589
4816
538
2784
6797
92
2144
9314
7864
9464
3583
8369
2836
4150
7609
518
2732
9100
9012
4586
4904
8975
4407
2642
2795
1133
610
2504
2345
4244
4616
740
1875
336
2858
3721
673
7250
3040
1068
3418
9756
2630
9136
9203
7752
4162
4461
1234
9448
5326
7694
1549
2441
7238
7129
9124
3505
5663
6266
2184
8023
9201
2121
1878
8321
1795
522
8564
8264
2338
8419
2183
9481
8989
3943
6271
5717
1536
7201
3343
6391
9947
1645
2172
7141
6223
1392
8754
