446
25
816
748
881
452
137
859
951
680
769
840
285
334
300
589
413
375
666
995
341
152
674
43
70
237
628
447
495
953
851
547
663
975
495
289
938
241
305
325
259
258
343
101
23
2
55
844
522
894
81
341
187
993
213
678
298
899
35
336
130
187
929
249
82
516
559
276
981
10
494
926
729
240
127
102
421
496
633
632
115
198
258
845
589
257
902
35
492
30
525
141
51
282
983
423
242
372
483
712
46
622
973
291
966
382
149
660
313
789
732
84
243
139
602
593
214
100
419
453
773
883
272
577
436
986
121
471
587
379
576
401
218
814
185
752
718
352
189
372
368
108
558
213
295
912
733
980
28
231
183
658
652
342
142
930
410
133
899
213
738
605
882
723
203
704
214
0
948
897
731
947
567
889
122
638
746
187
335
642
578
757
966
299
882
611
860
468
362
594
314
966
123
173
92
10
718
152
272
577
132
647
322
755
0
121
212
60
313
495
475
560
564
947
957
543
950
110
782
73
254
458
313
462
273
209
883
290
359
824
108
348
787
252
151
810
209
311
905
371
199
119
62
184
782
820
247
440
578
611
39
422
460
11
61
249
369
483
204
208
763
967
197
304
293
797
342
547
260
312
740
695
561
192
996
208
940
244
144
51
786
270
597
600
286
929
184
946
22
353
856
143
196
622
39
743
893
623
283
258
775
655
145
123
491
175
417
891
609
992
540
763
755
506
858
330
970
198
16
94
733
469
38
211
960
859
295
837
568
468
81
812
564
41
61
83
624
710
281
493
939
339
48
541
880
765
59
760
474
401
928
673
697
892
889
760
345
858
24
72
969
793
422
779
529
505
219
645
84
458
919
42
669
754
431
485
918
305
691
214
700
987
957
174
991
386
924
450
277
590
118
626
117
10
996
445
689
515
87
563
180
543
872
782
443
664
453
614
689
820
176
848
147
698
353
794
586
411
428
645
638
11
189
472
679
890
352
925
583
620
893
506
844
201
224
142
721
833
543
261
924
600
564
810
986
90
114
840
23
483
21
998
394
549
482
173
548
535
613
279
289
263
426
373
879
524
987
492
803
874
351
206
492
714
732
769
351
549
748
374
745
750
594
88
747
865
168
934
55
332
545
159
450
96
25
497
250
404
748
966
398
254
836
84
356
86
604
647
565
370
833
878
333
584
609
438
95
91
851
815
837
196
966
265
501
924
126
290
472
388
480
471
484
626
399
116
97
936
31
154
592
602
935
828
622
572
868
422
257
342
104
899
930
85
809
153
984
735
165
363
101
922
91
115
298
281
870
810
94
532
835
149
595
731
377
573
257
752
656
172
556
174
265
703
921
321
750
164
158
659
35
41
567
552
193
422
500
463
284
817
399
838
258
636
900
129
299
109
778
662
704
802
238
904
925
222
926
845
552
277
411
726
787
328
263
876
374
421
702
49
573
174
978
826
697
596
414
567
354
592
900
515
466
813
970
223
309
998
30
278
452
792
803
652
593
171
884
744
981
58
293
251
709
100
800
499
508
495
805
921
553
25
923
76
160
338
387
863
119
113
253
14
607
65
738
200
10
759
191
913
947
843
323
223
625
369
736
767
478
995
437
172
996
517
980
651
887
268
783
893
102
435
110
82
874
588
27
398
553
168
423
955
940
515
285
755
772
935
404
24
860
867
874
819
992
7
523
205
627
47
777
21
534
217
278
158
20
69
660
323
354
521
446
202
852
294
247
211
811
10
880
292
306
571
624
314
872
196
187
822
728
711
725
105
443
47
384
29
136
745
368
34
297
263
360
10
615
456
934
850
232
415
609
469
588
399
155
726
792
848
305
754
633
168
223
975
978
921
552
405
353
562
563
432
939
645
802
111
0
245
572
348
225
242
162
736
702
811
615
770
932
870
496
300
83
727
755
691
982
498
188
297
20
838
114
504
795
329
688
229
340
482
871
214
713
447
320
665
163
395
304
723
329
235
93
738
162
638
509
816
899
127
749
732
349
968
23
310
765
381
885
375
159
250
465
883
45
345
239
940
744
428
722
884
698
339
107
79
986
467
561
194
942
980
770
932
455
540
783
655
982
557
229
523
388
56
312
64
744
37
234
381
881
1
793
498
59
777
735
174
407
121
523
790
754
324
916
995
55
335
150
86
89
278
453
955
665
666
326
928
670
198
358
984
450
637
537
816
536
507
236
708
964
132
799
751
355
724
946
278
146
75
0
936
298
532
457
940
320
275
785
383
539
338
406
505
695
702
215
394
14
714
463
310
838
472
65
170
158
79
