0
0
0
0
1
2
7
10
10
10
10
10
10
11
11
14
14
16
20
20
21
21
22
23
23
23
24
24
25
25
25
27
28
29
30
30
31
34
35
35
35
37
38
39
39
41
41
42
43
45
46
47
47
48
49
51
51
55
55
55
56
58
59
59
60
61
61
62
64
65
65
69
70
72
73
75
76
79
79
81
81
82
82
83
83
84
84
84
85
86
86
87
88
89
90
91
91
92
93
94
94
95
96
97
100
100
101
101
102
102
104
105
107
108
108
109
110
110
111
113
114
114
115
115
116
117
118
119
119
121
121
121
122
123
123
126
127
127
129
130
132
132
133
136
137
139
141
142
142
143
144
145
146
147
149
149
150
151
152
152
153
154
155
158
158
158
159
159
160
162
162
163
164
165
168
168
168
170
171
172
172
173
173
174
174
174
174
175
176
180
183
184
184
185
187
187
187
187
188
189
189
191
192
193
194
196
196
196
197
198
198
198
199
200
201
202
203
204
205
206
208
208
209
209
211
211
212
213
213
213
214
214
214
214
215
217
218
219
222
223
223
223
224
225
229
229
231
232
234
235
236
237
238
239
240
241
242
242
243
244
245
247
247
249
249
250
250
251
252
253
254
254
257
257
257
258
258
258
258
259
260
261
263
263
263
265
265
268
270
272
272
273
275
276
277
277
278
278
278
278
279
281
281
282
283
284
285
285
286
289
289
290
290
291
292
293
293
294
295
295
297
297
298
298
298
299
299
300
300
304
304
305
305
305
306
309
310
310
311
312
312
313
313
313
314
314
320
320
321
322
323
323
324
325
326
328
329
329
330
332
333
334
335
335
336
338
338
339
339
340
341
341
342
342
342
343
345
345
348
348
349
351
351
352
352
353
353
353
354
354
355
356
358
359
360
362
363
368
368
369
369
370
371
372
372
373
374
374
375
375
377
379
381
381
382
383
384
386
387
388
388
394
394
395
398
398
399
399
399
401
401
404
404
405
406
407
410
411
411
413
414
415
417
419
421
421
422
422
422
422
423
423
426
428
428
431
432
435
436
437
438
440
443
443
445
446
446
447
447
450
450
450
452
452
453
453
453
455
456
457
458
458
460
462
463
463
465
466
467
468
468
469
469
471
471
472
472
472
474
475
478
480
482
482
483
483
483
484
485
491
492
492
492
493
494
495
495
495
495
496
496
497
498
498
499
500
501
504
505
505
506
506
507
508
509
515
515
515
516
517
521
522
523
523
523
524
525
529
532
532
534
535
536
537
539
540
540
541
543
543
543
545
547
547
548
549
549
552
552
552
553
553
556
557
558
559
560
561
561
562
563
563
564
564
564
565
567
567
567
568
571
572
572
573
573
576
577
577
578
578
583
584
586
587
588
588
589
589
590
592
592
593
593
594
594
595
596
597
600
600
602
602
604
605
607
609
609
609
611
611
613
614
615
615
620
622
622
622
623
624
624
625
626
626
627
628
632
633
633
636
637
638
638
638
642
645
645
645
647
647
651
652
652
655
655
656
658
659
660
660
662
663
664
665
665
666
666
669
670
673
674
678
679
680
688
689
689
691
691
695
695
697
697
698
698
700
702
702
702
703
704
704
708
709
710
711
712
713
714
714
718
718
721
722
723
723
724
725
726
726
727
728
729
731
731
732
732
732
733
733
735
735
736
736
738
738
738
740
743
744
744
744
745
745
746
747
748
748
748
749
750
750
751
752
752
754
754
754
755
755
755
755
757
759
760
760
763
763
765
765
767
769
769
770
770
772
773
775
777
777
778
779
782
782
782
783
783
785
786
787
787
789
790
792
792
793
793
794
795
797
799
800
802
802
803
803
805
809
810
810
810
811
811
812
813
814
815
816
816
816
817
819
820
820
822
824
826
828
833
833
835
836
837
837
838
838
838
840
840
843
844
844
845
845
848
848
850
851
851
852
856
858
858
859
859
860
860
863
865
867
868
870
870
871
872
872
874
874
874
876
878
879
880
880
881
881
882
882
883
883
883
884
884
885
887
889
889
890
891
892
893
893
893
894
897
899
899
899
899
900
900
902
904
905
912
913
916
918
919
921
921
921
922
923
924
924
924
925
925
926
926
928
928
929
929
930
930
932
932
934
934
935
935
936
936
938
939
939
940
940
940
940
942
946
946
947
947
947
948
950
951
953
955
955
957
957
960
964
966
966
966
966
966
967
968
969
970
970
973
975
975
978
978
980
980
980
981
981
982
982
983
984
984
986
986
986
987
987
991
992
992
993
995
995
995
996
996
996
998
998
