0
0
0
3
3
3
3
3
3
4
5
5
6
6
6
7
8
8
11
11
16
16
17
18
18
20
21
22
23
24
24
25
25
25
26
26
27
30
30
31
32
32
33
34
35
35
36
36
37
39
39
40
41
41
44
45
45
46
49
49
49
49
50
53
53
54
55
56
57
57
58
58
58
58
59
60
60
61
61
65
66
66
68
69
69
69
69
70
71
72
73
74
74
75
75
75
75
77
78
79
80
81
81
81
84
85
86
88
90
91
92
92
95
95
96
96
96
97
97
98
100
101
101
102
102
104
105
109
109
110
112
114
114
114
117
117
117
119
119
123
123
124
125
125
126
126
127
127
128
129
132
132
133
133
134
135
135
137
138
139
140
141
141
142
142
142
144
144
144
146
146
147
149
150
151
152
153
153
153
153
154
154
155
155
155
156
156
156
157
159
160
161
161
161
162
164
164
164
164
166
166
168
171
171
172
175
175
176
176
178
178
179
180
182
183
184
184
185
186
189
190
191
191
193
195
196
196
198
198
199
202
203
205
206
206
206
207
208
208
209
209
209
210
213
214
215
216
217
218
221
223
224
225
226
227
228
228
229
229
229
232
233
235
236
236
236
237
237
237
238
239
239
239
241
243
245
247
247
247
249
249
250
253
254
258
259
261
264
266
267
269
269
269
270
272
273
273
275
277
278
278
279
280
281
282
283
285
285
287
287
288
289
291
291
292
292
292
293
293
295
298
299
299
300
300
301
302
303
304
305
306
306
311
311
312
312
313
313
316
317
319
322
322
325
326
326
327
327
329
330
330
332
332
333
333
334
336
338
338
338
339
339
340
341
342
342
343
344
344
344
346
347
348
348
348
348
349
350
350
355
356
356
358
359
361
361
362
365
366
367
372
372
373
375
375
377
377
378
379
380
380
381
383
383
384
385
385
386
388
389
389
390
390
390
393
396
396
397
397
398
398
399
399
399
400
401
403
403
403
405
405
406
408
409
409
410
412
413
413
414
414
415
416
417
419
421
421
422
422
422
424
425
426
428
428
433
435
437
438
439
439
441
441
442
442
447
448
448
454
454
456
456
457
457
458
458
459
465
465
465
465
466
467
468
468
469
471
472
473
473
473
474
475
476
477
478
478
479
480
484
485
485
486
488
488
489
490
491
492
493
496
496
496
497
498
498
499
499
499
500
501
501
502
503
504
504
504
505
505
510
513
514
514
514
516
518
518
521
522
523
524
524
524
527
528
529
531
532
534
535
535
538
538
541
543
544
544
548
548
549
549
550
551
552
552
555
555
556
556
557
560
560
560
563
564
565
566
566
567
568
569
571
572
573
573
575
575
576
577
577
581
582
583
585
587
588
589
589
590
591
594
595
598
598
598
600
601
601
602
605
606
606
606
608
609
610
610
616
617
618
618
621
622
623
624
625
625
627
632
635
637
639
639
642
642
642
643
643
644
645
646
647
648
650
654
654
656
661
662
662
662
663
663
663
664
665
665
668
668
669
669
669
669
669
671
671
673
673
676
676
677
678
680
680
680
681
682
683
683
684
685
685
686
687
687
690
690
690
692
693
693
694
694
698
699
701
701
702
704
705
706
706
707
708
709
711
711
713
714
715
716
717
717
718
718
720
720
721
721
721
722
722
723
723
725
727
730
731
732
733
736
736
737
737
737
739
740
740
740
742
744
744
746
747
748
749
750
751
751
752
753
753
754
754
754
756
758
758
759
759
759
760
760
760
761
762
762
763
765
769
769
769
770
770
774
775
775
775
775
777
778
778
779
780
780
782
783
785
786
791
791
791
792
797
798
798
799
799
799
799
800
800
803
805
805
809
811
811
812
813
816
817
817
817
818
818
819
819
820
821
824
824
828
831
831
832
833
833
837
838
838
839
840
840
840
841
841
843
843
844
845
846
850
851
852
853
856
856
856
857
861
861
864
865
865
868
870
871
872
872
873
873
873
875
876
876
876
878
879
880
882
882
883
883
884
885
885
886
887
888
888
888
889
890
892
892
893
894
894
896
896
897
897
897
899
900
902
902
903
903
904
904
905
905
905
909
912
912
913
915
916
916
917
919
921
922
924
924
924
924
924
926
926
928
929
930
930
931
931
933
934
934
936
937
938
941
943
944
944
944
945
945
945
947
947
947
948
951
953
954
955
956
958
964
964
965
966
966
966
967
969
970
970
971
971
976
977
977
978
978
979
980
980
980
981
981
983
984
984
985
989
989
990
992
992
993
993
993
995
997
998
998
1000
1001
1002
1003
1003
1004
1006
1008
1009
1010
1011
1011
1015
1016
1016
1016
1018
1018
1022
1022
1025
1029
1030
1030
1030
1031
1031
1034
1036
1038
1040
1044
1045
1045
1045
1046
1046
1047
1048
1051
1051
1052
1052
1054
1054
1055
1056
1057
1058
1059
1060
1060
1061
1063
1065
1065
1065
1068
1069
1069
1070
1071
1071
1072
1073
1073
1075
1075
1075
1076
1076
1077
1082
1083
1088
1088
1089
1089
1095
1095
1096
1097
1097
1098
1098
1100
1102
1103
1104
1105
1106
1106
1109
1110
1110
1110
1111
1111
1112
1115
1115
1116
1118
1120
1121
1121
1123
1123
1125
1128
1129
1132
1132
1133
1133
1133
1134
1135
1135
1135
1136
1137
1139
1141
1141
1143
1146
1148
1152
1153
1153
1155
1157
1157
1157
1158
1159
1160
1160
1161
1162
1163
1164
1167
1169
1169
1172
1175
1175
1175
1175
1175
1176
1178
1178
1178
1178
1181
1181
1184
1186
1186
1187
1188
1190
1191
1191
1192
1192
1192
1193
1193
1194
1195
1195
1196
1197
1198
1198
1201
1203
1203
1204
1206
1206
1206
1207
1207
1209
1209
1211
1212
1214
1214
1214
1214
1216
1217
1219
1225
1225
1227
1227
1227
1228
1229
1230
1231
1231
1232
1232
1234
1235
1236
1237
1238
1239
1242
1242
1242
1242
1243
1243
1244
1245
1246
1247
1247
1250
1251
1251
1254
1254
1254
1255
1256
1258
1258
1260
1260
1261
1262
1264
1264
1265
1265
1266
1266
1268
1268
1269
1270
1271
1272
1272
1274
1274
1275
1276
1276
1276
1278
1278
1279
1281
1285
1285
1287
1287
1288
1289
1292
1292
1293
1293
1294
1294
1295
1295
1299
1300
1302
1302
1305
1305
1306
1307
1311
1312
1314
1314
1315
1316
1316
1318
1318
1318
1318
1322
1323
1324
1324
1324
1328
1329
1331
1331
1332
1336
1336
1337
1338
1338
1339
1344
1345
1346
1347
1348
1349
1349
1349
1350
1351
1353
1353
1355
1355
1356
1359
1360
1362
1363
1368
1371
1371
1373
1373
1375
1375
1378
1379
1380
1381
1383
1386
1386
1386
1386
1386
1387
1387
1387
1388
1390
1392
1393
1394
1396
1396
1396
1398
1404
1406
1406
1407
1408
1409
1412
1413
1415
1416
1416
1416
1416
1418
1418
1419
1420
1422
1423
1424
1425
1427
1428
1429
1430
1431
1432
1432
1433
1433
1434
1434
1435
1435
1438
1438
1442
1443
1443
1443
1443
1444
1444
1444
1445
1445
1445
1446
1446
1448
1448
1448
1448
1449
1450
1451
1451
1453
1454
1454
1456
1457
1458
1460
1460
1465
1466
1467
1469
1470
1470
1472
1474
1476
1476
1478
1478
1481
1482
1482
1482
1484
1484
1486
1487
1490
1490
1494
1495
1495
1497
1498
1498
1499
1500
1500
1501
1502
1502
1505
1507
1507
1507
1510
1510
1511
1511
1511
1511
1512
1513
1514
1515
1515
1519
1519
1519
1522
1523
1523
1523
1524
1527
1528
1528
1531
1532
1533
1533
1535
1535
1536
1537
1539
1539
1539
1539
1540
1540
1541
1541
1542
1542
1543
1543
1545
1546
1546
1546
1547
1548
1549
1549
1549
1549
1549
1550
1552
1553
1553
1554
1554
1555
1557
1559
1559
1561
1563
1564
1570
1570
1571
1572
1572
1572
1572
1573
1574
1575
1578
1578
1580
1581
1581
1584
1585
1585
1585
1588
1588
1588
1588
1590
1590
1591
1592
1594
1594
1597
1597
1599
1599
1603
1604
1605
1605
1606
1609
1609
1611
1612
1612
1612
1612
1612
1614
1615
1616
1616
1617
1619
1621
1621
1622
1622
1626
1626
1627
1627
1627
1628
1629
1630
1632
1632
1632
1633
1633
1634
1635
1636
1636
1638
1638
1640
1640
1641
1641
1641
1642
1643
1643
1644
1645
1645
1647
1647
1648
1649
1652
1652
1654
1654
1655
1655
1656
1657
1657
1658
1659
1660
1660
1661
1661
1662
1664
1665
1665
1667
1668
1670
1672
1672
1673
1674
1675
1675
1676
1677
1677
1678
1682
1682
1684
1684
1685
1685
1685
1686
1687
1688
1688
1688
1689
1689
1689
1689
1689
1689
1691
1692
1692
1696
1697
1700
1701
1702
1702
1705
1706
1710
1711
1712
1713
1713
1715
1719
1720
1722
1724
1725
1726
1727
1730
1731
1733
1734
1737
1739
1740
1742
1742
1742
1743
1743
1743
1744
1745
1746
1747
1747
1747
1751
1752
1753
1753
1754
1755
1758
1759
1759
1759
1759
1762
1763
1763
1765
1766
1767
1768
1770
1771
1771
1772
1773
1776
1779
1781
1781
1782
1784
1785
1786
1791
1793
1795
1795
1796
1796
1796
1797
1797
1798
1800
1802
1803
1804
1804
1805
1808
1808
1809
1809
1810
1810
1811
1813
1813
1815
1816
1817
1818
1818
1819
1820
1821
1821
1821
1822
1824
1824
1828
1830
1830
1831
1832
1832
1834
1834
1835
1836
1836
1839
1839
1841
1842
1843
1843
1844
1844
1845
1846
1848
1849
1849
1850
1850
1851
1852
1855
1856
1857
1857
1858
1859
1861
1861
1862
1863
1867
1868
1868
1870
1870
1871
1871
1871
1872
1873
1873
1873
1873
1874
1875
1876
1876
1877
1878
1878
1878
1879
1881
1882
1884
1884
1884
1885
1885
1885
1888
1888
1888
1890
1890
1892
1894
1894
1895
1897
1898
1899
1900
1901
1901
1901
1903
1904
1904
1906
1908
1908
1910
1910
1912
1912
1913
1913
1915
1915
1916
1918
1919
1922
1923
1923
1923
1924
1925
1925
1927
1927
1927
1928
1929
1929
1930
1930
1930
1930
1930
1930
1930
1930
1931
1932
1932
1932
1933
1936
1936
1936
1937
1938
1938
1940
1945
1947
1947
1947
1948
1948
1949
1950
1952
1953
1954
1954
1954
1955
1956
1958
1958
1958
1959
1961
1962
1963
1964
1964
1966
1967
1970
1970
1971
1973
1973
1974
1975
1977
1977
1977
1977
1978
1979
1980
1981
1981
1981
1981
1982
1983
1984
1984
1985
1987
1989
1989
1990
1991
1993
1993
1994
1996
1998
1999
1999
2001
2002
2003
2004
2004
2005
2006
2007
2007
2008
2009
2014
2014
2014
2015
2016
2017
2017
2018
2019
2021
2021
2023
2024
2024
2026
2027
2027
2028
2029
2031
2032
2033
2034
2035
2036
2037
2038
2039
2040
2041
2041
2042
2046
2047
2047
2048
2048
2049
2050
2050
2052
2052
2053
2055
2056
2056
2057
2057
2058
2060
2062
2065
2067
2067
2068
2068
2070
2070
2071
2074
2076
2078
2079
2079
2083
2086
2088
2088
2089
2089
2090
2092
2092
2092
2095
2095
2099
2099
2099
2100
2101
2101
2101
2101
2104
2104
2106
2107
2107
2109
2109
2109
2112
2114
2115
2116
2118
2118
2119
2120
2121
2122
2122
2122
2123
2123
2124
2124
2124
2124
2125
2126
2126
2126
2128
2130
2130
2130
2130
2132
2134
2134
2135
2135
2136
2137
2139
2139
2139
2140
2143
2144
2145
2146
2146
2147
2147
2147
2148
2148
2148
2150
2151
2152
2152
2152
2153
2153
2153
2153
2154
2155
2157
2157
2159
2161
2161
2163
2166
2166
2167
2167
2168
2168
2170
2171
2172
2172
2174
2176
2176
2177
2178
2178
2179
2179
2180
2180
2183
2183
2183
2184
2184
2184
2184
2184
2185
2185
2188
2188
2189
2191
2191
2192
2192
2193
2193
2193
2196
2196
2197
2198
2200
2203
2204
2205
2209
2210
2210
2211
2211
2211
2212
2213
2213
2215
2215
2217
2218
2218
2219
2219
2220
2220
2220
2221
2221
2222
2223
2225
2229
2233
2235
2235
2235
2237
2238
2238
2239
2241
2241
2242
2243
2245
2248
2250
2250
2252
2252
2253
2253
2254
2255
2255
2255
2256
2257
2259
2259
2260
2262
2262
2263
2266
2268
2269
2271
2273
2273
2276
2277
2281
2282
2282
2282
2283
2283
2285
2286
2287
2288
2288
2289
2290
2291
2291
2292
2293
2294
2298
2298
2299
2300
2304
2304
2306
2307
2309
2310
2310
2310
2311
2313
2313
2313
2314
2316
2316
2317
2318
2319
2321
2325
2326
2327
2328
2328
2329
2329
2331
2332
2332
2333
2333
2333
2334
2334
2335
2338
2340
2340
2342
2342
2343
2343
2345
2345
2345
2349
2351
2351
2353
2354
2355
2355
2356
2356
2357
2360
2361
2362
2362
2363
2363
2363
2364
2365
2365
2367
2368
2368
2368
2369
2370
2371
2371
2372
2373
2373
2378
2378
2379
2381
2381
2381
2381
2382
2383
2385
2385
2385
2386
2386
2389
2389
2389
2390
2390
2390
2391
2392
2392
2393
2394
2397
2399
2401
2404
2407
2409
2409
2410
2411
2412
2415
2417
2417
2417
2417
2420
2422
2424
2425
2426
2428
2429
2430
2430
2430
2431
2433
2434
2435
2436
2436
2436
2436
2437
2437
2438
2439
2440
2441
2441
2442
2442
2444
2450
2450
2450
2450
2451
2452
2452
2454
2454
2454
2454
2457
2460
2462
2462
2463
2463
2463
2463
2463
2465
2465
2465
2466
2468
2469
2470
2470
2472
2472
2476
2476
2476
2479
2483
2483
2484
2484
2485
2487
2487
2488
2488
2488
2491
2492
2492
2493
2494
2494
2494
2494
2495
2496
2499
2499
2500
2501
2502
2502
2503
2504
2504
2505
2507
2509
2509
2510
2511
2514
2514
2515
2516
2516
2518
2519
2520
2521
2522
2522
2522
2525
2527
2528
2529
2531
2532
2534
2535
2536
2537
2538
2538
2539
2541
2541
2542
2543
2544
2544
2544
2544
2545
2546
2546
2548
2548
2549
2551
2555
2557
2557
2559
2559
2559
2559
2560
2564
2565
2567
2568
2568
2568
2568
2571
2572
2572
2575
2576
2576
2578
2578
2579
2579
2581
2581
2581
2584
2585
2585
2588
2588
2589
2589
2591
2592
2595
2596
2596
2597
2597
2597
2598
2600
2600
2601
2601
2602
2602
2602
2604
2608
2608
2609
2610
2613
2613
2614
2615
2616
2616
2617
2618
2619
2620
2621
2621
2622
2623
2625
2625
2626
2627
2627
2628
2629
2629
2630
2630
2631
2631
2634
2635
2637
2637
2637
2638
2639
2640
2640
2641
2642
2643
2643
2643
2644
2644
2644
2649
2649
2649
2650
2650
2650
2652
2652
2654
2655
2656
2656
2656
2656
2658
2658
2659
2660
2660
2661
2662
2662
2662
2665
2667
2667
2668
2669
2669
2669
2669
2670
2670
2671
2672
2674
2676
2676
2677
2680
2681
2681
2682
2682
2683
2685
2685
2687
2687
2687
2688
2689
2690
2694
2696
2699
2699
2700
2701
2702
2702
2705
2706
2706
2707
2708
2710
2710
2712
2713
2713
2713
2714
2716
2716
2716
2717
2717
2720
2721
2721
2721
2721
2725
2726
2727
2727
2727
2728
2729
2729
2732
2733
2734
2735
2736
2738
2740
2744
2749
2750
2751
2751
2752
2753
2754
2755
2755
2755
2758
2760
2761
2762
2765
2766
2768
2768
2769
2770
2773
2775
2776
2778
2779
2779
2780
2784
2784
2784
2785
2785
2786
2787
2787
2789
2791
2791
2791
2791
2794
2794
2795
2795
2795
2796
2799
2799
2799
2801
2801
2805
2806
2809
2810
2811
2811
2812
2813
2813
2814
2814
2815
2816
2816
2817
2818
2818
2818
2820
2821
2822
2822
2823
2823
2823
2826
2827
2827
2827
2829
2829
2830
2831
2833
2833
2833
2834
2835
2836
2837
2837
2838
2838
2839
2840
2841
2842
2843
2843
2843
2844
2847
2847
2848
2848
2849
2851
2852
2853
2856
2856
2856
2856
2858
2859
2860
2861
2861
2862
2863
2864
2864
2865
2865
2865
2867
2867
2868
2868
2868
2868
2868
2869
2872
2872
2874
2874
2874
2875
2876
2877
2877
2878
2881
2885
2885
2886
2886
2888
2889
2890
2891
2892
2892
2898
2898
2900
2901
2903
2903
2904
2906
2907
2908
2908
2908
2908
2909
2909
2909
2909
2910
2910
2911
2911
2911
2912
2912
2913
2913
2913
2915
2915
2918
2918
2919
2921
2925
2926
2926
2928
2928
2930
2932
2933
2934
2934
2934
2934
2936
2936
2937
2937
2938
2939
2939
2942
2946
2947
2947
2948
2948
2949
2949
2950
2950
2952
2952
2952
2953
2953
2955
2956
2956
2958
2960
2963
2965
2966
2967
2968
2969
2969
2972
2973
2974
2975
2976
2976
2976
2977
2978
2979
2979
2980
2982
2982
2984
2984
2985
2985
2985
2985
2987
2987
2987
2988
2990
2991
2991
2993
2993
2995
2996
2997
2997
2999
3000
3003
3007
3007
3010
3011
3012
3013
3014
3014
3017
3017
3017
3020
3020
3021
3022
3022
3024
3024
3025
3026
3027
3028
3029
3031
3033
3033
3033
3033
3034
3034
3034
3035
3036
3038
3040
3040
3042
3044
3045
3045
3048
3048
3049
3050
3051
3053
3055
3055
3055
3055
3056
3056
3056
3057
3057
3058
3059
3060
3062
3063
3067
3070
3071
3071
3072
3072
3073
3073
3075
3078
3079
3080
3080
3082
3082
3082
3083
3084
3084
3084
3086
3089
3089
3090
3092
3092
3092
3094
3095
3095
3096
3098
3098
3098
3098
3100
3104
3105
3105
3106
3106
3109
3109
3110
3111
3113
3114
3115
3116
3117
3120
3120
3121
3123
3123
3124
3124
3125
3128
3129
3129
3130
3132
3132
3132
3133
3135
3135
3138
3138
3139
3139
3139
3140
3140
3144
3144
3144
3146
3147
3149
3149
3149
3151
3151
3154
3156
3157
3158
3159
3159
3161
3161
3161
3163
3163
3163
3164
3166
3166
3167
3169
3171
3171
3172
3173
3174
3178
3179
3182
3184
3184
3184
3185
3186
3187
3189
3190
3190
3190
3193
3195
3196
3200
3201
3201
3201
3201
3203
3204
3205
3206
3207
3207
3207
3209
3209
3210
3211
3211
3211
3212
3212
3214
3214
3214
3216
3217
3219
3219
3220
3221
3221
3221
3222
3223
3224
3225
3225
3226
3226
3227
3228
3229
3229
3229
3231
3232
3233
3233
3234
3235
3238
3238
3240
3242
3242
3242
3243
3243
3244
3246
3246
3247
3247
3248
3249
3251
3251
3254
3257
3257
3258
3258
3261
3263
3265
3265
3266
3267
3268
3270
3270
3271
3271
3273
3273
3274
3275
3275
3277
3278
3278
3278
3279
3279
3280
3280
3281
3281
3282
3282
3283
3284
3286
3290
3291
3291
3292
3295
3296
3298
3298
3299
3300
3304
3305
3305
3305
3307
3310
3319
3320
3321
3321
3323
3324
3326
3326
3327
3328
3333
3333
3334
3336
3337
3338
3338
3339
3340
3340
3340
3340
3342
3343
3344
3346
3350
3351
3352
3352
3352
3352
3353
3354
3354
3355
3355
3356
3357
3358
3359
3360
3360
3362
3362
3364
3364
3364
3365
3367
3368
3369
3369
3369
3371
3372
3372
3372
3372
3375
3375
3375
3377
3378
3378
3379
3380
3381
3383
3384
3385
3385
3386
3388
3388
3389
3389
3389
3390
3390
3391
3393
3393
3394
3395
3395
3395
3396
3397
3399
3400
3400
3402
3402
3404
3404
3404
3405
3406
3407
3408
3410
3411
3413
3414
3415
3415
3418
3418
3418
3418
3419
3422
3426
3427
3428
3428
3428
3428
3431
3431
3431
3432
3433
3433
3435
3435
3436
3437
3438
3439
3439
3441
3444
3444
3445
3446
3447
3448
3448
3451
3452
3455
3459
3459
3459
3460
3460
3460
3461
3462
3463
3463
3464
3464
3465
3465
3466
3466
3467
3467
3467
3468
3472
3472
3473
3473
3473
3476
3476
3478
3478
3479
3479
3479
3480
3480
3481
3484
3484
3484
3486
3487
3490
3491
3492
3492
3494
3494
3495
3496
3497
3497
3498
3500
3501
3502
3503
3504
3504
3505
3505
3505
3505
3507
3507
3508
3510
3510
3511
3513
3514
3516
3517
3517
3518
3520
3521
3522
3523
3524
3524
3524
3526
3527
3528
3528
3528
3528
3529
3530
3531
3531
3531
3533
3533
3533
3534
3534
3535
3537
3538
3538
3539
3539
3539
3540
3541
3541
3542
3544
3544
3545
3546
3547
3547
3548
3548
3549
3549
3550
3551
3551
3552
3552
3553
3553
3553
3554
3554
3554
3554
3555
3556
3556
3558
3559
3563
3565
3566
3567
3567
3568
3570
3571
3571
3572
3572
3573
3575
3575
3576
3576
3577
3577
3578
3580
3580
3581
3581
3582
3582
3582
3583
3583
3583
3584
3585
3586
3586
3586
3587
3587
3587
3587
3589
3589
3590
3590
3590
3590
3591
3591
3592
3593
3595
3598
3599
3600
3601
3601
3603
3603
3605
3605
3607
3610
3612
3612
3612
3613
3614
3620
3623
3624
3624
3625
3625
3628
3630
3633
3634
3635
3635
3635
3637
3637
3638
3639
3640
3641
3643
3645
3646
3646
3648
3648
3648
3649
3649
3649
3650
3650
3651
3651
3653
3654
3655
3656
3656
3657
3657
3658
3658
3658
3659
3659
3659
3661
3663
3665
3665
3666
3666
3668
3669
3670
3672
3672
3673
3673
3676
3676
3676
3678
3678
3681
3682
3682
3682
3686
3687
3689
3689
3689
3690
3692
3692
3693
3693
3693
3698
3698
3700
3700
3701
3701
3702
3705
3705
3706
3710
3710
3712
3712
3714
3714
3715
3715
3718
3718
3719
3719
3721
3722
3724
3724
3726
3727
3727
3728
3730
3730
3731
3732
3733
3733
3733
3733
3734
3734
3734
3734
3734
3735
3736
3736
3738
3738
3739
3739
3739
3741
3742
3743
3743
3744
3744
3745
3746
3747
3747
3748
3749
3749
3750
3750
3753
3754
3755
3758
3759
3761
3762
3762
3762
3765
3765
3766
3766
3769
3770
3771
3772
3777
3778
3779
3783
3784
3784
3787
3788
3789
3789
3790
3791
3792
3793
3793
3794
3795
3797
3797
3798
3798
3799
3799
3802
3803
3804
3805
3805
3806
3808
3809
3811
3812
3812
3813
3814
3815
3816
3817
3818
3818
3819
3821
3821
3824
3824
3825
3826
3827
3829
3830
3831
3835
3836
3837
3841
3842
3843
3843
3844
3847
3847
3848
3848
3849
3850
3850
3850
3850
3852
3852
3853
3854
3855
3856
3856
3857
3863
3864
3864
3866
3866
3866
3868
3870
3870
3870
3870
3871
3871
3872
3873
3874
3877
3878
3878
3879
3879
3879
3882
3884
3884
3884
3887
3889
3890
3892
3893
3893
3895
3895
3896
3896
3899
3900
3901
3902
3902
3903
3904
3904
3906
3906
3906
3907
3907
3908
3908
3909
3909
3910
3910
3912
3913
3913
3914
3914
3915
3919
3920
3920
3920
3920
3921
3924
3925
3928
3930
3932
3935
3935
3935
3937
3939
3942
3942
3942
3943
3945
3946
3948
3948
3950
3950
3951
3952
3954
3957
3957
3958
3962
3962
3962
3963
3963
3963
3965
3966
3968
3969
3970
3971
3971
3973
3973
3974
3976
3977
3977
3978
3978
3981
3982
3983
3983
3984
3984
3985
3985
3985
3986
3986
3988
3989
3989
3990
3991
3994
3995
3995
3999
3999
3999
4000
4000
4001
4001
4001
4003
4006
4006
4007
4007
4009
4010
4011
4011
4012
4013
4014
4014
4015
4015
4015
4016
4016
4018
4019
4020
4022
4024
4027
4027
4029
4029
4030
4030
4032
4032
4032
4034
4034
4038
4039
4039
4039
4040
4041
4041
4042
4044
4045
4045
4046
4047
4047
4047
4047
4047
4048
4048
4050
4050
4050
4052
4052
4052
4054
4054
4056
4057
4057
4058
4058
4059
4061
4061
4062
4064
4065
4065
4067
4068
4069
4069
4069
4072
4072
4073
4073
4073
4073
4074
4075
4077
4077
4078
4078
4079
4081
4081
4082
4088
4089
4090
4091
4091
4092
4092
4093
4094
4097
4100
4100
4101
4101
4104
4105
4107
4108
4110
4113
4115
4116
4116
4116
4117
4118
4118
4119
4119
4119
4120
4121
4121
4123
4125
4127
4128
4129
4129
4131
4131
4131
4132
4133
4133
4134
4135
4136
4136
4137
4137
4138
4138
4139
4139
4139
4139
4140
4140
4142
4143
4143
4144
4145
4145
4147
4148
4148
4148
4149
4149
4150
4152
4152
4155
4155
4156
4156
4158
4158
4158
4159
4162
4162
4163
4163
4163
4164
4164
4164
4165
4168
4168
4168
4168
4169
4170
4170
4170
4172
4173
4174
4175
4176
4176
4177
4178
4179
4179
4181
4182
4182
4184
4184
4185
4185
4188
4189
4190
4190
4191
4192
4193
4194
4194
4194
4194
4195
4195
4195
4196
4199
4199
4201
4201
4204
4205
4205
4205
4205
4206
4207
4208
4209
4210
4213
4214
4215
4216
4218
4220
4220
4220
4221
4223
4223
4224
4225
4225
4226
4226
4226
4226
4227
4227
4229
4229
4230
4233
4234
4234
4234
4235
4235
4237
4239
4239
4241
4242
4242
4242
4243
4243
4243
4243
4244
4244
4245
4245
4245
4246
4247
4247
4250
4255
4255
4257
4260
4260
4260
4261
4261
4261
4261
4262
4263
4265
4266
4268
4270
4270
4271
4272
4272
4273
4273
4273
4274
4274
4275
4275
4276
4277
4277
4280
4281
4282
4282
4283
4283
4285
4286
4288
4290
4291
4293
4295
4295
4297
4298
4299
4300
4301
4301
4301
4301
4302
4303
4304
4305
4305
4307
4307
4308
4309
4310
4310
4311
4314
4315
4315
4315
4315
4316
4316
4320
4320
4322
4323
4325
4327
4327
4328
4331
4332
4333
4333
4333
4334
4335
4335
4336
4336
4337
4337
4337
4338
4338
4339
4340
4340
4341
4341
4342
4342
4345
4347
4349
4349
4350
4351
4351
4352
4353
4356
4356
4358
4359
4359
4360
4361
4361
4362
4363
4365
4366
4367
4368
4370
4370
4371
4373
4373
4375
4375
4376
4377
4378
4379
4380
4381
4381
4381
4382
4383
4385
4386
4388
4388
4389
4392
4393
4396
4397
4399
4399
4400
4400
4404
4404
4406
4406
4407
4407
4407
4408
4409
4410
4410
4411
4412
4412
4413
4419
4419
4421
4421
4423
4424
4425
4426
4427
4428
4428
4431
4432
4432
4432
4433
4433
4435
4435
4435
4435
4436
4438
4438
4444
4446
4447
4450
4451
4452
4453
4455
4455
4456
4456
4457
4458
4460
4460
4460
4461
4462
4464
4464
4464
4466
4467
4467
4472
4473
4473
4477
4478
4479
4479
4479
4480
4482
4483
4483
4484
4486
4487
4489
4490
4492
4494
4494
4495
4499
4499
4500
4501
4501
4502
4504
4505
4505
4508
4508
4509
4510
4510
4512
4512
4513
4514
4514
4516
4516
4518
4519
4521
4522
4523
4525
4526
4529
4529
4531
4533
4533
4533
4534
4535
4537
4537
4538
4540
4541
4541
4543
4545
4547
4548
4549
4549
4551
4551
4551
4552
4552
4556
4557
4557
4558
4558
4559
4559
4559
4562
4562
4563
4563
4564
4564
4566
4567
4567
4569
4569
4573
4573
4574
4574
4575
4575
4575
4575
4576
4577
4578
4579
4579
4580
4581
4581
4584
4586
4586
4587
4588
4588
4589
4589
4589
4591
4592
4592
4594
4594
4594
4594
4595
4596
4598
4598
4600
4600
4601
4603
4604
4604
4604
4604
4604
4604
4605
4605
4605
4606
4607
4607
4609
4610
4612
4612
4613
4613
4616
4616
4618
4618
4620
4621
4623
4623
4624
4626
4627
4627
4629
4629
4629
4631
4632
4633
4634
4634
4634
4636
4636
4637
4638
4640
4643
4643
4643
4644
4645
4645
4645
4645
4647
4648
4650
4651
4651
4652
4653
4654
4655
4655
4659
4660
4660
4666
4668
4669
4669
4670
4671
4673
4673
4674
4674
4675
4676
4678
4680
4680
4681
4681
4681
4682
4682
4684
4684
4686
4686
4688
4690
4690
4691
4691
4691
4692
4693
4693
4693
4694
4695
4696
4700
4700
4700
4701
4702
4703
4706
4706
4707
4708
4708
4708
4708
4708
4709
4711
4714
4716
4718
4720
4721
4722
4722
4723
4724
4726
4727
4728
4728
4729
4730
4730
4731
4731
4732
4733
4733
4735
4735
4737
4740
4743
4743
4745
4745
4746
4746
4747
4748
4749
4749
4751
4751
4752
4752
4752
4753
4755
4756
4757
4757
4757
4758
4759
4759
4764
4766
4767
4767
4773
4773
4775
4775
4776
4776
4776
4777
4777
4777
4780
4780
4781
4782
4782
4783
4784
4786
4787
4788
4788
4789
4789
4791
4792
4792
4793
4794
4795
4795
4796
4796
4797
4797
4798
4798
4800
4802
4802
4803
4805
4806
4807
4807
4809
4810
4811
4811
4813
4813
4813
4814
4815
4816
4817
4817
4819
4819
4821
4821
4821
4824
4824
4825
4825
4827
4828
4830
4832
4834
4834
4837
4837
4840
4840
4841
4841
4842
4842
4843
4843
4844
4846
4846
4848
4849
4849
4850
4851
4854
4855
4857
4859
4860
4861
4863
4863
4864
4866
4867
4867
4869
4870
4871
4871
4872
4873
4873
4873
4875
4875
4877
4877
4877
4878
4878
4878
4879
4880
4882
4882
4883
4883
4883
4883
4885
4885
4886
4887
4889
4889
4889
4891
4892
4892
4893
4895
4897
4898
4898
4898
4899
4901
4901
4903
4904
4904
4904
4906
4906
4909
4910
4911
4911
4915
4915
4915
4916
4917
4917
4918
4918
4920
4922
4922
4924
4925
4926
4929
4929
4929
4930
4931
4931
4931
4932
4933
4934
4935
4935
4936
4936
4937
4937
4938
4938
4941
4943
4944
4944
4945
4946
4948
4950
4953
4954
4956
4960
4961
4961
4962
4962
4963
4966
4966
4967
4967
4969
4970
4972
4972
4973
4975
4975
4976
4976
4979
4980
4980
4981
4982
4983
4985
4985
4985
4986
4987
4987
4987
4991
4991
4991
4992
4993
4993
4994
4995
4995
4995
4996
4997
4997
4997
4999
5000
5001
5003
5003
5004
5005
5005
5008
5009
5010
5011
5014
5015
5016
5018
5018
5018
5019
5019
5019
5020
5020
5020
5020
5021
5024
5026
5026
5028
5029
5031
5031
5033
5033
5034
5034
5034
5035
5036
5036
5036
5036
5039
5039
5040
5042
5045
5046
5048
5048
5048
5050
5051
5052
5054
5054
5054
5055
5055
5058
5059
5060
5061
5062
5063
5064
5064
5065
5065
5065
5066
5066
5068
5071
5071
5071
5072
5073
5075
5076
5076
5076
5077
5077
5078
5078
5078
5079
5079
5080
5080
5080
5081
5081
5082
5083
5085
5085
5086
5087
5087
5088
5090
5091
5092
5092
5095
5095
5096
5096
5098
5098
5098
5099
5100
5100
5104
5105
5106
5108
5108
5110
5111
5111
5114
5118
5118
5120
5120
5122
5122
5123
5123
5127
5128
5128
5130
5131
5131
5134
5134
5135
5136
5142
5143
5143
5145
5145
5145
5146
5149
5151
5153
5154
5154
5154
5156
5156
5157
5158
5158
5159
5161
5162
5162
5162
5163
5165
5165
5166
5166
5166
5166
5171
5171
5171
5171
5172
5173
5174
5174
5175
5175
5176
5176
5176
5178
5179
5182
5187
5189
5189
5191
5191
5193
5194
5197
5199
5200
5201
5201
5203
5203
5203
5203
5204
5204
5206
5207
5210
5214
5215
5216
5216
5218
5218
5220
5224
5225
5225
5227
5227
5228
5230
5231
5231
5231
5233
5235
5236
5237
5238
5238
5242
5244
5246
5247
5251
5251
5252
5252
5253
5253
5254
5254
5258
5258
5258
5260
5262
5262
5263
5264
5265
5266
5266
5271
5271
5271
5272
5273
5276
5277
5277
5277
5278
5278
5279
5283
5285
5286
5286
5286
5288
5290
5290
5290
5291
5291
5292
5292
5292
5292
5292
5293
5295
5295
5296
5296
5298
5299
5299
5302
5303
5303
5304
5304
5305
5306
5308
5310
5310
5310
5313
5314
5316
5316
5316
5318
5319
5320
5321
5322
5322
5322
5322
5323
5324
5325
5325
5326
5326
5327
5329
5331
5332
5333
5333
5333
5333
5334
5334
5335
5335
5342
5342
5345
5346
5346
5346
5347
5349
5350
5350
5351
5355
5358
5360
5362
5365
5367
5368
5368
5370
5370
5370
5372
5373
5374
5374
5376
5377
5377
5378
5380
5380
5381
5381
5381
5383
5384
5384
5386
5386
5387
5389
5389
5389
5390
5391
5392
5392
5392
5392
5393
5395
5397
5397
5399
5399
5401
5401
5402
5403
5404
5404
5405
5406
5408
5409
5409
5410
5413
5414
5415
5415
5415
5417
5419
5419
5420
5420
5421
5421
5424
5425
5427
5427
5427
5428
5428
5431
5431
5433
5433
5436
5437
5439
5440
5440
5441
5443
5444
5445
5445
5445
5446
5447
5448
5448
5449
5449
5452
5453
5453
5457
5457
5458
5459
5459
5459
5463
5464
5464
5465
5467
5470
5472
5472
5475
5476
5477
5477
5479
5481
5482
5485
5485
5485
5486
5487
5488
5489
5490
5490
5491
5491
5493
5493
5494
5494
5496
5497
5500
5500
5501
5506
5506
5507
5508
5508
5509
5510
5511
5511
5512
5512
5513
5515
5516
5517
5517
5518
5518
5518
5521
5521
5522
5524
5524
5528
5531
5531
5532
5532
5533
5534
5535
5538
5539
5539
5539
5539
5540
5540
5542
5544
5545
5546
5546
5546
5548
5549
5550
5550
5551
5551
5552
5554
5554
5554
5555
5557
5557
5557
5559
5563
5565
5566
5569
5570
5570
5572
5574
5577
5578
5579
5579
5580
5582
5582
5583
5583
5586
5586
5588
5589
5589
5590
5591
5591
5591
5592
5593
5596
5596
5596
5597
5597
5598
5598
5599
5600
5602
5603
5604
5604
5604
5606
5607
5611
5611
5612
5612
5615
5617
5620
5620
5622
5623
5625
5625
5626
5626
5626
5632
5632
5633
5633
5633
5634
5635
5637
5638
5638
5638
5641
5641
5642
5642
5642
5643
5644
5645
5646
5646
5646
5647
5647
5648
5648
5648
5649
5649
5649
5650
5650
5651
5652
5655
5656
5656
5657
5658
5658
5659
5660
5660
5661
5662
5663
5664
5665
5665
5665
5666
5670
5671
5671
5673
5673
5674
5677
5678
5679
5679
5679
5680
5682
5682
5683
5685
5685
5686
5686
5687
5688
5690
5690
5690
5692
5693
5694
5696
5697
5697
5698
5699
5699
5699
5699
5700
5700
5700
5701
5702
5703
5703
5705
5706
5710
5710
5712
5714
5716
5716
5717
5717
5717
5717
5718
5719
5720
5720
5720
5722
5722
5727
5728
5730
5731
5731
5732
5732
5733
5733
5733
5734
5734
5734
5735
5735
5736
5737
5738
5740
5740
5740
5741
5741
5742
5742
5743
5743
5744
5746
5747
5749
5749
5750
5757
5759
5760
5760
5760
5761
5762
5764
5765
5765
5767
5768
5768
5769
5771
5772
5774
5775
5776
5776
5777
5777
5777
5779
5782
5782
5784
5787
5791
5791
5792
5792
5792
5793
5793
5794
5795
5795
5795
5796
5796
5797
5798
5800
5801
5802
5803
5803
5805
5806
5807
5807
5807
5810
5811
5811
5812
5813
5814
5815
5817
5817
5817
5818
5818
5819
5820
5821
5822
5822
5823
5823
5826
5827
5828
5828
5828
5828
5829
5831
5832
5836
5837
5837
5837
5839
5840
5840
5842
5842
5844
5845
5847
5848
5848
5849
5850
5850
5852
5854
5855
5856
5856
5857
5858
5858
5858
5859
5861
5863
5865
5866
5867
5868
5869
5871
5871
5876
5876
5877
5878
5879
5879
5880
5881
5882
5882
5882
5884
5884
5884
5884
5886
5886
5887
5889
5890
5890
5893
5893
5893
5894
5895
5896
5896
5898
5899
5900
5902
5902
5905
5906
5907
5910
5910
5910
5913
5917
5917
5917
5919
5919
5920
5922
5923
5923
5926
5927
5928
5933
5933
5933
5935
5935
5937
5939
5939
5940
5940
5943
5944
5944
5946
5949
5952
5953
5953
5955
5955
5956
5957
5959
5959
5960
5960
5960
5961
5961
5961
5962
5964
5966
5969
5969
5970
5970
5972
5973
5973
5973
5976
5980
5981
5984
5986
5987
5988
5988
5989
5992
5993
5993
5993
5993
5994
5995
5996
5996
5998
5998
5999
5999
5999
6001
6002
6003
6004
6006
6006
6009
6012
6012
6012
6012
6013
6013
6013
6014
6016
6018
6019
6019
6019
6020
6020
6020
6023
6025
6026
6030
6030
6031
6031
6032
6032
6033
6033
6034
6036
6036
6038
6038
6038
6041
6041
6042
6043
6045
6047
6049
6050
6050
6050
6053
6053
6053
6054
6054
6056
6057
6058
6058
6061
6062
6062
6063
6063
6064
6065
6066
6066
6068
6069
6070
6071
6073
6073
6074
6074
6074
6075
6075
6078
6079
6082
6082
6083
6084
6084
6084
6085
6087
6088
6088
6091
6091
6092
6095
6096
6098
6099
6100
6100
6101
6103
6104
6107
6107
6108
6109
6110
6112
6113
6113
6114
6114
6115
6115
6117
6120
6121
6121
6122
6122
6122
6124
6125
6125
6126
6128
6129
6129
6130
6130
6131
6131
6132
6133
6135
6135
6136
6136
6137
6137
6138
6139
6141
6141
6141
6142
6142
6144
6145
6145
6146
6146
6147
6149
6150
6150
6153
6153
6153
6156
6157
6157
6160
6161
6161
6162
6162
6167
6168
6168
6169
6170
6171
6172
6172
6177
6179
6182
6182
6182
6182
6183
6183
6186
6187
6188
6190
6191
6192
6192
6192
6195
6195
6197
6197
6198
6198
6199
6200
6201
6203
6204
6206
6208
6208
6208
6210
6210
6210
6211
6212
6212
6213
6214
6216
6216
6216
6218
6219
6219
6219
6219
6220
6221
6223
6225
6225
6225
6228
6229
6230
6231
6232
6233
6233
6235
6235
6235
6236
6236
6238
6240
6240
6241
6241
6242
6243
6244
6245
6249
6249
6249
6249
6249
6250
6250
6250
6252
6252
6253
6253
6253
6255
6257
6258
6258
6259
6259
6260
6261
6261
6262
6263
6263
6264
6264
6265
6266
6266
6267
6269
6270
6270
6271
6271
6273
6274
6276
6276
6277
6277
6279
6279
6279
6280
6283
6285
6285
6286
6286
6287
6288
6288
6288
6288
6288
6289
6289
6290
6290
6291
6292
6293
6294
6296
6299
6299
6301
6303
6304
6306
6309
6310
6310
6310
6311
6314
6316
6319
6320
6321
6322
6323
6323
6327
6329
6331
6333
6333
6336
6336
6337
6339
6339
6339
6340
6340
6341
6341
6343
6344
6344
6348
6349
6353
6353
6353
6355
6356
6358
6361
6361
6362
6363
6363
6363
6364
6365
6365
6365
6367
6367
6368
6369
6369
6370
6371
6372
6372
6374
6374
6374
6375
6376
6376
6377
6377
6378
6378
6378
6378
6378
6379
6380
6380
6381
6382
6383
6385
6386
6387
6389
6391
6391
6392
6393
6393
6394
6396
6397
6397
6401
6401
6401
6403
6404
6404
6404
6405
6405
6407
6408
6409
6409
6411
6412
6412
6413
6414
6415
6415
6415
6418
6420
6423
6423
6425
6425
6426
6426
6428
6428
6430
6431
6431
6431
6434
6434
6435
6436
6437
6437
6438
6438
6439
6439
6439
6439
6440
6440
6440
6441
6441
6443
6443
6444
6444
6445
6447
6448
6448
6450
6451
6451
6452
6453
6453
6453
6454
6455
6455
6456
6457
6457
6457
6459
6462
6463
6463
6464
6465
6465
6466
6466
6466
6466
6466
6467
6467
6468
6469
6470
6471
6471
6472
6472
6473
6475
6477
6478
6478
6480
6483
6486
6487
6488
6488
6490
6490
6491
6491
6493
6493
6493
6494
6496
6498
6500
6500
6501
6502
6503
6503
6504
6506
6507
6508
6508
6509
6509
6512
6512
6513
6513
6514
6514
6514
6516
6517
6521
6521
6523
6525
6527
6528
6529
6532
6534
6535
6536
6536
6537
6539
6539
6541
6542
6543
6545
6545
6546
6547
6548
6548
6548
6549
6550
6553
6554
6555
6559
6559
6561
6561
6563
6564
6565
6565
6566
6566
6568
6569
6569
6573
6573
6574
6574
6575
6575
6576
6576
6577
6577
6577
6578
6579
6580
6580
6581
6583
6583
6584
6584
6584
6585
6585
6585
6585
6585
6586
6588
6589
6589
6590
6590
6591
6593
6593
6594
6595
6596
6597
6599
6603
6603
6605
6606
6608
6609
6609
6614
6614
6614
6617
6617
6618
6619
6619
6619
6620
6620
6620
6622
6623
6626
6627
6628
6628
6629
6629
6629
6631
6633
6637
6637
6637
6639
6641
6643
6643
6644
6645
6647
6649
6650
6653
6654
6656
6659
6661
6662
6662
6663
6663
6663
6666
6668
6669
6671
6671
6672
6672
6673
6673
6674
6674
6674
6674
6674
6677
6677
6679
6681
6681
6686
6686
6687
6689
6691
6692
6692
6693
6696
6697
6699
6700
6700
6701
6701
6702
6704
6704
6705
6706
6707
6710
6710
6711
6712
6713
6713
6716
6716
6716
6717
6717
6718
6719
6719
6720
6721
6722
6722
6723
6724
6725
6726
6726
6727
6727
6729
6730
6730
6731
6731
6732
6733
6734
6734
6734
6735
6737
6737
6737
6738
6739
6739
6739
6739
6740
6742
6742
6742
6742
6743
6744
6746
6746
6747
6748
6750
6751
6752
6755
6757
6757
6757
6757
6759
6760
6760
6762
6762
6762
6764
6765
6766
6769
6770
6772
6772
6775
6775
6777
6779
6779
6781
6783
6783
6784
6786
6788
6789
6790
6794
6796
6796
6796
6797
6797
6798
6799
6800
6800
6802
6802
6802
6802
6803
6804
6805
6806
6807
6807
6807
6810
6810
6810
6810
6811
6814
6814
6815
6817
6817
6818
6820
6821
6823
6823
6825
6825
6826
6826
6827
6828
6828
6829
6830
6830
6830
6831
6832
6832
6832
6833
6834
6835
6835
6836
6837
6837
6839
6840
6840
6841
6842
6842
6845
6846
6849
6849
6849
6849
6850
6850
6852
6853
6854
6854
6856
6856
6857
6860
6862
6862
6863
6864
6864
6864
6867
6872
6873
6874
6874
6874
6875
6875
6877
6878
6879
6879
6879
6880
6882
6882
6883
6883
6884
6884
6886
6887
6887
6887
6888
6888
6891
6893
6893
6893
6894
6895
6895
6896
6896
6897
6898
6899
6900
6900
6901
6902
6902
6903
6904
6905
6905
6906
6907
6907
6908
6908
6908
6908
6909
6909
6910
6910
6910
6911
6911
6912
6912
6913
6914
6914
6915
6915
6916
6917
6918
6919
6919
6921
6923
6924
6925
6925
6926
6927
6928
6930
6932
6933
6933
6933
6936
6936
6936
6937
6937
6938
6938
6939
6941
6941
6942
6943
6943
6943
6943
6944
6948
6950
6950
6950
6951
6951
6952
6955
6956
6956
6958
6962
6962
6964
6964
6967
6967
6967
6969
6970
6973
6973
6974
6974
6977
6978
6978
6979
6980
6980
6981
6982
6982
6983
6983
6983
6984
6984
6985
6988
6988
6991
6991
6992
6992
6994
6994
6994
6994
6994
6994
6995
6995
6995
6996
6997
6998
6999
6999
7000
7002
7004
7005
7007
7008
7008
7009
7010
7010
7010
7012
7013
7016
7016
7017
7020
7021
7027
7028
7029
7029
7031
7031
7032
7032
7033
7034
7035
7035
7037
7041
7041
7042
7043
7045
7046
7048
7048
7048
7048
7048
7050
7052
7052
7053
7054
7055
7055
7056
7056
7057
7061
7061
7062
7063
7063
7063
7067
7067
7067
7067
7068
7070
7072
7072
7074
7074
7074
7076
7077
7077
7078
7079
7081
7083
7084
7085
7085
7085
7086
7086
7087
7087
7089
7090
7091
7091
7093
7093
7096
7096
7098
7099
7099
7100
7101
7101
7101
7102
7104
7106
7106
7106
7108
7109
7109
7111
7111
7112
7113
7113
7113
7115
7116
7116
7117
7117
7117
7119
7120
7121
7123
7124
7125
7126
7126
7128
7128
7129
7129
7131
7132
7136
7136
7136
7137
7137
7138
7139
7139
7141
7141
7142
7142
7143
7145
7146
7147
7147
7148
7149
7149
7153
7153
7154
7155
7155
7159
7160
7161
7161
7161
7163
7164
7165
7167
7167
7169
7169
7170
7170
7171
7171
7172
7172
7173
7173
7174
7175
7177
7177
7178
7180
7183
7183
7183
7184
7184
7186
7187
7189
7189
7191
7196
7196
7197
7197
7198
7198
7201
7202
7203
7203
7204
7208
7208
7210
7210
7211
7214
7215
7215
7218
7219
7223
7227
7228
7229
7229
7231
7232
7238
7238
7239
7239
7241
7241
7243
7244
7244
7245
7245
7245
7246
7248
7249
7249
7250
7250
7252
7253
7254
7256
7256
7257
7265
7268
7269
7272
7273
7273
7275
7275
7277
7277
7278
7279
7281
7281
7281
7282
7282
7284
7287
7287
7287
7287
7288
7290
7291
7293
7295
7301
7304
7304
7305
7306
7306
7306
7308
7310
7311
7312
7313
7314
7315
7315
7317
7317
7320
7320
7322
7322
7323
7324
7324
7325
7326
7326
7329
7329
7330
7330
7331
7332
7332
7334
7336
7339
7341
7342
7345
7346
7346
7346
7348
7349
7354
7357
7357
7358
7361
7363
7365
7365
7365
7366
7367
7370
7371
7371
7373
7375
7376
7378
7379
7380
7380
7383
7383
7383
7383
7386
7389
7390
7390
7391
7392
7393
7395
7395
7398
7398
7399
7399
7399
7402
7403
7403
7403
7404
7404
7404
7405
7405
7405
7407
7409
7414
7415
7417
7417
7418
7419
7421
7421
7422
7422
7422
7424
7425
7425
7425
7429
7431
7431
7431
7433
7435
7436
7436
7438
7438
7438
7439
7441
7441
7441
7442
7443
7443
7443
7445
7446
7447
7447
7448
7448
7448
7449
7450
7450
7451
7451
7452
7456
7457
7457
7459
7460
7463
7464
7464
7466
7467
7468
7470
7470
7471
7472
7476
7476
7479
7481
7482
7483
7483
7483
7483
7484
7484
7485
7486
7488
7488
7488
7495
7495
7500
7500
7501
7504
7504
7505
7505
7506
7507
7507
7508
7508
7509
7509
7509
7510
7510
7510
7510
7513
7515
7516
7516
7517
7518
7519
7519
7519
7519
7519
7519
7521
7525
7526
7526
7527
7528
7529
7532
7533
7534
7534
7536
7536
7537
7539
7539
7541
7541
7542
7543
7543
7545
7546
7546
7547
7548
7549
7549
7552
7552
7554
7554
7555
7555
7557
7557
7558
7558
7559
7559
7560
7560
7561
7562
7563
7564
7565
7565
7566
7566
7568
7568
7569
7570
7570
7572
7573
7574
7576
7578
7580
7580
7581
7582
7586
7588
7589
7589
7590
7590
7593
7594
7595
7596
7598
7600
7601
7601
7604
7606
7607
7609
7609
7610
7611
7612
7614
7614
7616
7616
7616
7618
7619
7620
7620
7621
7623
7623
7623
7625
7625
7626
7628
7628
7631
7631
7633
7635
7636
7637
7638
7639
7640
7640
7640
7641
7641
7642
7642
7644
7645
7645
7645
7646
7647
7648
7650
7650
7651
7652
7653
7654
7654
7655
7656
7657
7658
7660
7661
7661
7663
7668
7668
7668
7669
7670
7671
7671
7672
7672
7673
7674
7677
7678
7679
7682
7682
7682
7682
7684
7684
7685
7689
7690
7690
7691
7692
7692
7692
7692
7693
7694
7694
7695
7696
7697
7697
7697
7699
7699
7699
7699
7699
7701
7708
7709
7712
7713
7714
7715
7715
7715
7716
7716
7716
7717
7718
7718
7719
7721
7722
7724
7725
7726
7727
7730
7730
7731
7732
7733
7733
7734
7734
7734
7735
7735
7736
7736
7736
7737
7738
7739
7740
7740
7741
7742
7742
7743
7745
7745
7747
7748
7748
7751
7751
7751
7752
7752
7754
7755
7755
7757
7759
7759
7759
7760
7761
7761
7763
7763
7767
7767
7769
7770
7770
7770
7772
7772
7772
7773
7774
7775
7775
7778
7779
7780
7782
7785
7786
7786
7789
7791
7792
7793
7793
7794
7796
7796
7796
7797
7798
7798
7798
7802
7803
7804
7809
7810
7812
7812
7813
7816
7818
7818
7818
7819
7819
7820
7820
7821
7823
7823
7824
7826
7827
7828
7828
7829
7829
7830
7830
7832
7832
7834
7835
7836
7838
7838
7838
7839
7840
7840
7840
7843
7844
7844
7845
7845
7846
7849
7849
7852
7853
7854
7855
7856
7856
7857
7859
7861
7863
7863
7864
7864
7865
7866
7866
7867
7872
7873
7874
7875
7875
7877
7878
7881
7881
7883
7883
7886
7886
7888
7888
7890
7891
7892
7892
7892
7893
7894
7894
7896
7897
7899
7899
7899
7900
7900
7904
7904
7904
7904
7905
7905
7905
7905
7906
7906
7908
7909
7910
7910
7910
7911
7914
7917
7919
7919
7920
7923
7924
7926
7928
7931
7933
7935
7936
7936
7936
7939
7941
7942
7943
7944
7944
7946
7947
7948
7949
7950
7950
7950
7952
7954
7954
7955
7955
7956
7957
7957
7957
7959
7959
7960
7960
7960
7961
7962
7964
7965
7966
7966
7967
7967
7968
7970
7970
7972
7972
7974
7975
7975
7976
7976
7977
7978
7978
7979
7980
7980
7981
7981
7984
7984
7985
7988
7989
7989
7990
7990
7993
7994
7996
7996
7998
7998
7999
7999
8003
8004
8007
8008
8009
8010
8010
8010
8011
8012
8013
8013
8014
8014
8014
8017
8018
8018
8018
8019
8021
8021
8022
8022
8023
8023
8024
8025
8028
8028
8029
8029
8032
8033
8034
8034
8037
8037
8037
8039
8039
8041
8042
8043
8043
8044
8044
8048
8049
8053
8054
8054
8055
8055
8055
8056
8057
8060
8060
8061
8061
8063
8065
8065
8065
8066
8067
8068
8068
8069
8071
8072
8072
8073
8073
8074
8075
8077
8077
8077
8077
8078
8083
8083
8084
8084
8084
8086
8086
8086
8088
8088
8089
8089
8090
8091
8093
8095
8095
8096
8096
8098
8098
8098
8099
8100
8101
8101
8103
8106
8107
8107
8108
8108
8108
8108
8109
8109
8111
8111
8112
8112
8113
8113
8113
8114
8115
8115
8116
8118
8120
8121
8121
8122
8123
8123
8125
8126
8128
8129
8129
8130
8131
8131
8132
8132
8133
8135
8136
8139
8141
8145
8146
8146
8149
8149
8150
8150
8151
8151
8154
8155
8158
8158
8159
8160
8161
8161
8162
8162
8162
8165
8165
8166
8166
8167
8169
8171
8171
8172
8175
8176
8180
8180
8183
8185
8186
8186
8186
8188
8189
8191
8191
8192
8192
8193
8195
8197
8199
8199
8200
8201
8201
8205
8206
8207
8208
8209
8209
8210
8211
8213
8215
8216
8216
8217
8218
8220
8221
8223
8224
8227
8228
8232
8233
8233
8234
8235
8236
8238
8239
8239
8241
8242
8242
8243
8251
8251
8251
8251
8253
8253
8255
8255
8255
8256
8258
8259
8260
8260
8260
8263
8264
8264
8266
8267
8267
8269
8270
8270
8273
8274
8274
8276
8276
8277
8279
8279
8285
8285
8285
8288
8288
8288
8289
8289
8289
8289
8289
8291
8292
8293
8294
8295
8296
8297
8298
8299
8299
8304
8309
8309
8310
8312
8314
8315
8315
8316
8318
8318
8320
8321
8322
8322
8324
8324
8325
8330
8332
8333
8334
8334
8335
8337
8338
8338
8341
8341
8342
8343
8343
8345
8346
8348
8351
8351
8351
8352
8355
8355
8356
8358
8361
8362
8363
8364
8364
8364
8365
8365
8365
8366
8367
8367
8368
8369
8369
8372
8374
8380
8382
8382
8383
8384
8385
8386
8387
8387
8388
8390
8390
8391
8392
8392
8394
8395
8396
8396
8397
8397
8398
8399
8401
8401
8402
8403
8404
8405
8407
8409
8409
8410
8411
8415
8415
8416
8416
8418
8419
8421
8425
8426
8426
8427
8429
8430
8431
8432
8434
8434
8434
8435
8436
8441
8441
8443
8445
8446
8448
8449
8450
8451
8451
8453
8454
8457
8459
8462
8464
8468
8468
8468
8469
8469
8471
8472
8473
8476
8477
8477
8477
8477
8478
8478
8480
8480
8480
8481
8481
8482
8483
8484
8484
8485
8485
8489
8489
8491
8492
8493
8494
8499
8500
8500
8502
8503
8504
8505
8509
8509
8511
8512
8512
8513
8514
8514
8514
8515
8515
8515
8518
8520
8521
8521
8522
8522
8525
8526
8526
8528
8530
8530
8532
8533
8537
8539
8539
8541
8541
8542
8545
8545
8546
8546
8547
8548
8550
8551
8553
8559
8559
8560
8560
8561
8563
8563
8563
8564
8564
8564
8565
8568
8569
8569
8571
8572
8572
8573
8574
8575
8576
8576
8578
8579
8579
8580
8582
8583
8584
8584
8585
8586
8589
8589
8590
8591
8591
8594
8595
8597
8598
8598
8600
8603
8606
8606
8609
8609
8612
8613
8613
8614
8615
8615
8617
8621
8621
8623
8623
8623
8624
8624
8624
8625
8627
8627
8628
8629
8630
8631
8632
8632
8632
8633
8635
8636
8638
8638
8638
8641
8642
8644
8648
8649
8649
8649
8650
8650
8651
8653
8653
8654
8655
8657
8659
8659
8661
8662
8662
8663
8663
8663
8664
8665
8665
8665
8666
8666
8666
8666
8667
8667
8670
8670
8671
8671
8672
8676
8677
8679
8681
8684
8684
8684
8687
8691
8692
8695
8696
8696
8696
8698
8699
8699
8699
8699
8700
8701
8701
8701
8702
8702
8704
8704
8705
8707
8707
8709
8710
8710
8711
8711
8712
8714
8715
8718
8718
8719
8719
8719
8720
8721
8721
8723
8723
8723
8724
8724
8725
8726
8727
8728
8732
8733
8733
8733
8734
8734
8735
8735
8736
8736
8737
8738
8739
8740
8741
8741
8741
8742
8744
8745
8746
8747
8747
8747
8747
8748
8751
8751
8752
8752
8752
8752
8753
8754
8754
8756
8757
8759
8759
8760
8761
8761
8762
8763
8764
8765
8766
8766
8767
8767
8768
8775
8778
8778
8779
8779
8781
8784
8784
8785
8786
8786
8787
8789
8789
8789
8792
8793
8793
8793
8794
8794
8795
8800
8802
8803
8804
8805
8806
8808
8810
8811
8812
8813
8814
8815
8815
8816
8816
8817
8819
8819
8819
8820
8820
8822
8823
8823
8824
8826
8826
8827
8827
8828
8831
8832
8833
8833
8834
8834
8840
8840
8842
8842
8842
8843
8844
8844
8846
8846
8847
8850
8851
8853
8854
8860
8860
8862
8862
8864
8868
8870
8871
8872
8873
8873
8873
8874
8876
8876
8877
8877
8878
8878
8878
8878
8879
8880
8880
8881
8884
8885
8885
8885
8885
8885
8885
8887
8889
8891
8891
8891
8892
8893
8894
8895
8895
8898
8899
8899
8904
8904
8905
8907
8908
8908
8908
8908
8908
8909
8912
8913
8914
8915
8916
8917
8918
8920
8920
8920
8921
8921
8922
8922
8925
8926
8926
8928
8928
8928
8929
8930
8930
8930
8931
8931
8931
8931
8937
8937
8938
8938
8939
8940
8940
8941
8945
8946
8946
8947
8951
8951
8952
8955
8957
8960
8961
8966
8967
8967
8967
8969
8969
8970
8970
8971
8972
8974
8975
8977
8977
8978
8979
8979
8980
8981
8982
8984
8984
8984
8985
8985
8988
8988
8989
8989
8991
8991
8993
8993
8994
8995
8997
8998
8998
9000
9003
9004
9004
9008
9009
9011
9012
9014
9015
9015
9016
9016
9016
9017
9017
9018
9019
9019
9019
9020
9020
9024
9025
9026
9026
9027
9027
9029
9030
9030
9032
9032
9032
9034
9038
9038
9039
9041
9041
9043
9045
9045
9046
9046
9047
9048
9048
9048
9050
9050
9050
9051
9052
9053
9054
9055
9055
9056
9057
9059
9059
9063
9063
9063
9063
9064
9065
9067
9067
9067
9069
9069
9071
9073
9074
9075
9075
9076
9076
9077
9078
9078
9078
9079
9079
9081
9082
9082
9083
9083
9084
9084
9086
9086
9086
9087
9088
9088
9090
9090
9091
9093
9093
9095
9095
9096
9097
9098
9098
9099
9099
9100
9100
9102
9102
9102
9102
9104
9106
9107
9107
9107
9110
9110
9110
9110
9111
9112
9112
9113
9113
9114
9116
9116
9117
9118
9118
9120
9121
9122
9124
9124
9124
9125
9128
9131
9132
9132
9136
9136
9136
9136
9137
9138
9138
9139
9140
9140
9140
9142
9144
9145
9145
9147
9147
9148
9150
9151
9151
9152
9152
9153
9153
9154
9157
9158
9159
9163
9163
9165
9165
9165
9168
9168
9171
9176
9176
9178
9178
9178
9179
9180
9182
9183
9185
9187
9187
9188
9189
9189
9190
9190
9193
9193
9196
9200
9201
9203
9203
9204
9204
9205
9207
9208
9208
9209
9213
9213
9216
9216
9217
9217
9219
9219
9220
9221
9221
9222
9223
9226
9226
9226
9226
9226
9228
9229
9230
9232
9232
9232
9234
9234
9234
9236
9236
9238
9238
9241
9242
9243
9244
9244
9245
9245
9245
9246
9246
9247
9248
9250
9252
9253
9253
9257
9258
9258
9259
9262
9264
9264
9266
9267
9268
9269
9269
9270
9270
9271
9272
9273
9273
9274
9275
9275
9276
9277
9278
9278
9281
9281
9282
9286
9286
9287
9289
9290
9291
9292
9292
9293
9294
9296
9296
9298
9299
9299
9300
9301
9302
9305
9307
9308
9312
9314
9315
9315
9318
9319
9320
9321
9321
9322
9323
9323
9325
9327
9329
9329
9330
9330
9332
9334
9334
9336
9339
9340
9341
9341
9345
9346
9346
9348
9349
9349
9353
9353
9353
9356
9357
9361
9361
9361
9362
9363
9364
9364
9365
9365
9367
9367
9368
9369
9370
9371
9371
9371
9371
9374
9377
9377
9377
9378
9379
9380
9380
9381
9381
9382
9384
9384
9385
9389
9390
9394
9402
9403
9403
9408
9408
9409
9410
9411
9414
9416
9417
9417
9417
9420
9421
9421
9421
9422
9422
9422
9423
9425
9425
9426
9426
9427
9427
9428
9428
9428
9434
9437
9437
9440
9441
9445
9446
9447
9447
9447
9448
9448
9449
9449
9449
9450
9450
9452
9454
9454
9454
9455
9455
9456
9456
9456
9456
9457
9458
9459
9460
9464
9468
9469
9470
9471
9472
9472
9473
9475
9475
9475
9476
9477
9478
9479
9480
9481
9481
9481
9482
9483
9487
9491
9491
9492
9494
9495
9495
9496
9498
9499
9500
9500
9501
9502
9504
9506
9507
9507
9509
9510
9511
9512
9512
9512
9514
9514
9515
9515
9518
9518
9519
9519
9524
9525
9525
9529
9530
9531
9532
9532
9533
9533
9535
9536
9536
9537
9538
9540
9540
9542
9542
9542
9543
9544
9544
9546
9546
9547
9548
9551
9555
9557
9557
9557
9559
9562
9562
9562
9563
9563
9563
9565
9565
9566
9567
9568
9568
9573
9575
9576
9576
9578
9578
9579
9581
9581
9583
9583
9583
9584
9585
9587
9587
9588
9588
9589
9590
9591
9591
9591
9592
9594
9594
9595
9596
9596
9597
9597
9598
9600
9601
9605
9605
9606
9607
9607
9608
9609
9609
9610
9613
9614
9615
9617
9617
9617
9618
9619
9619
9619
9620
9624
9624
9625
9625
9627
9628
9628
9629
9630
9632
9632
9632
9633
9633
9634
9635
9635
9635
9636
9637
9638
9639
9644
9645
9647
9650
9651
9651
9652
9653
9654
9656
9656
9657
9657
9658
9658
9658
9659
9660
9661
9662
9662
9663
9664
9665
9665
9665
9666
9666
9668
9670
9670
9671
9672
9674
9675
9676
9677
9677
9678
9678
9678
9678
9680
9680
9681
9682
9683
9683
9684
9686
9686
9688
9689
9689
9689
9689
9690
9693
9693
9693
9693
9695
9696
9698
9698
9699
9704
9704
9705
9705
9705
9707
9708
9710
9712
9712
9713
9713
9713
9716
9716
9717
9717
9717
9717
9719
9719
9721
9722
9722
9723
9724
9725
9725
9725
9726
9728
9729
9729
9730
9731
9733
9733
9734
9734
9734
9735
9737
9738
9739
9739
9741
9741
9741
9741
9742
9746
9749
9749
9750
9751
9756
9757
9757
9758
9759
9759
9760
9763
9763
9764
9764
9765
9767
9767
9767
9768
9769
9769
9770
9771
9771
9772
9772
9772
9772
9773
9773
9777
9780
9781
9782
9782
9783
9783
9784
9784
9786
9787
9788
9789
9791
9793
9794
9795
9796
9796
9798
9802
9802
9804
9806
9806
9807
9808
9808
9810
9811
9811
9811
9812
9812
9812
9813
9813
9814
9814
9814
9816
9817
9819
9820
9821
9821
9823
9825
9826
9828
9829
9830
9831
9831
9832
9833
9833
9836
9836
9837
9837
9837
9837
9841
9843
9843
9844
9845
9849
9849
9850
9852
9852
9855
9856
9857
9857
9857
9857
9858
9858
9858
9859
9861
9861
9861
9862
9867
9870
9872
9874
9875
9876
9876
9878
9878
9879
9880
9880
9884
9884
9885
9885
9887
9891
9892
9893
9894
9895
9897
9898
9899
9900
9901
9901
9902
9903
9903
9903
9904
9904
9905
9907
9908
9909
9910
9911
9911
9911
9912
9912
9914
9914
9914
9914
9915
9918
9918
9918
9918
9919
9920
9920
9920
9921
9921
9921
9922
9923
9923
9924
9929
9930
9930
9931
9932
9932
9934
9934
9934
9935
9936
9939
9939
9939
9940
9940
9942
9944
9944
9945
9946
9946
9947
9947
9948
9949
9949
9950
9951
9953
9955
9956
9956
9956
9958
9958
9961
9962
9963
9963
9964
9965
9966
9968
9968
9970
9971
9971
9972
9973
9973
9974
9974
9974
9974
9975
9975
9978
9979
9981
9983
9983
9987
9989
9991
9991
9992
9994
9995
9995
9998
